Default schedule
Rate	83.33
Tree Move	16.67
Rate Tried	% Accepted	Tree Move Tried	% Accepted	Rates - Dev	Rates - Tried	Rates - Accepted	Sample Ave Acceptance	Total Ave Acceptance	
830	0.298795	170	0.482353	1.690157	830	0.298795	0.330000	0.276702	
850	0.354118	150	0.486667	1.690157	850	0.354118	0.374000	0.284810	
810	0.353086	190	0.473684	1.690157	810	0.353086	0.376000	0.291824	
798	0.334586	202	0.470297	1.690157	798	0.334586	0.362000	0.296836	
819	0.296703	181	0.613260	1.690157	819	0.296703	0.354000	0.300647	
859	0.316647	141	0.617021	1.690157	859	0.316647	0.359000	0.304293	
848	0.337264	152	0.453947	1.690157	848	0.337264	0.355000	0.307276	
842	0.324228	158	0.563291	1.690157	842	0.324228	0.362000	0.310316	
835	0.367665	165	0.472727	1.690157	835	0.367665	0.385000	0.314247	
832	0.338942	168	0.398810	1.690157	832	0.338942	0.349000	0.315984	
807	0.356877	193	0.481865	1.690157	807	0.356877	0.381000	0.319080	
819	0.328449	181	0.441989	1.690157	819	0.328449	0.349000	0.320440	
811	0.319359	189	0.481481	1.690157	811	0.319359	0.350000	0.321725	
813	0.338253	187	0.358289	1.690157	813	0.338253	0.342000	0.322570	
822	0.324818	178	0.438202	1.690157	822	0.324818	0.345000	0.323467	
822	0.324818	178	0.443820	1.690157	822	0.324818	0.346000	0.324334	
836	0.305024	164	0.585366	1.690157	836	0.305024	0.351000	0.325321	
818	0.325183	182	0.406593	1.690157	818	0.325183	0.340000	0.325846	
826	0.255448	174	0.511494	1.690157	826	0.255448	0.300000	0.324954	
825	0.334545	175	0.502857	1.690157	825	0.334545	0.364000	0.326256	
826	0.348668	174	0.482759	1.690157	826	0.348668	0.372000	0.327731	
798	0.328321	202	0.381188	1.690157	798	0.328321	0.339000	0.328083	
841	0.319857	159	0.503145	1.690157	841	0.319857	0.349000	0.328717	
828	0.370773	172	0.453488	1.690157	828	0.370773	0.385000	0.330373	
799	0.296621	201	0.497512	1.690157	799	0.296621	0.337000	0.330562	
828	0.314010	172	0.412791	1.690157	828	0.314010	0.331000	0.330574	
835	0.317365	165	0.539394	1.690157	835	0.317365	0.354000	0.331207	
835	0.301796	165	0.606061	1.690157	835	0.301796	0.352000	0.331754	
837	0.336918	163	0.447853	1.690157	837	0.336918	0.355000	0.332350	
813	0.328413	187	0.417112	1.690157	813	0.328413	0.345000	0.332667	
827	0.347037	173	0.526012	1.690157	827	0.347037	0.378000	0.333772	
829	0.382388	171	0.385965	1.690157	829	0.382388	0.383000	0.334944	
832	0.348558	168	0.386905	1.690157	832	0.348558	0.355000	0.335411	
822	0.358881	178	0.449438	1.690157	822	0.358881	0.375000	0.336311	
831	0.333333	169	0.532544	1.690157	831	0.333333	0.367000	0.336993	
855	0.327485	145	0.524138	1.690157	855	0.327485	0.356000	0.337406	
826	0.325666	174	0.465517	1.690157	826	0.325666	0.350000	0.337674	
851	0.289072	149	0.590604	1.690157	851	0.289072	0.334000	0.337597	
821	0.311815	179	0.553073	1.690157	821	0.311815	0.355000	0.337952	
842	0.338480	158	0.506329	1.690157	842	0.338480	0.365000	0.338493	
841	0.300832	159	0.572327	1.690157	841	0.300832	0.344000	0.338601	
820	0.317073	180	0.550000	1.690157	820	0.317073	0.359000	0.338993	
863	0.340672	137	0.503650	1.690157	863	0.340672	0.363000	0.339446	
836	0.318182	164	0.579268	1.690157	836	0.318182	0.361000	0.339846	
830	0.312048	170	0.511765	1.690157	830	0.312048	0.346000	0.339957	
803	0.344956	197	0.553299	1.690157	803	0.344956	0.386000	0.340780	
815	0.344785	185	0.491892	1.690157	815	0.344785	0.372000	0.341327	
825	0.339394	175	0.502857	1.690157	825	0.339394	0.368000	0.341787	
822	0.312652	178	0.320225	1.690157	822	0.312652	0.314000	0.341316	
818	0.353301	182	0.554945	1.690157	818	0.353301	0.390000	0.342128	
832	0.349760	168	0.523810	1.690157	832	0.349760	0.379000	0.342732	
817	0.271726	183	0.349727	1.690157	817	0.271726	0.286000	0.341817	
830	0.332530	170	0.500000	1.690157	830	0.332530	0.361000	0.342122	
803	0.336239	197	0.446701	1.690157	803	0.336239	0.358000	0.342370	
846	0.321513	154	0.487013	1.690157	846	0.321513	0.347000	0.342441	
817	0.340269	183	0.387978	1.690157	817	0.340269	0.349000	0.342540	
827	0.338573	173	0.450867	1.690157	827	0.338573	0.358000	0.342771	
849	0.306243	151	0.596026	1.690157	849	0.306243	0.350000	0.342877	
827	0.301088	173	0.462428	1.690157	827	0.301088	0.329000	0.342676	
830	0.309639	170	0.558824	1.690157	830	0.309639	0.352000	0.342809	
814	0.314496	186	0.623656	1.690157	814	0.314496	0.372000	0.343221	
823	0.309842	177	0.389831	1.690157	823	0.309842	0.324000	0.342954	
820	0.346341	180	0.522222	1.690157	820	0.346341	0.378000	0.343434	
841	0.344828	159	0.477987	1.690157	841	0.344828	0.366000	0.343739	
846	0.338061	154	0.558442	1.690157	846	0.338061	0.372000	0.344115	
856	0.321262	144	0.493056	1.690157	856	0.321262	0.346000	0.344140	
853	0.350528	147	0.503401	1.690157	853	0.350528	0.373000	0.344515	
845	0.323077	155	0.600000	1.690157	845	0.323077	0.366000	0.344790	
821	0.298417	179	0.463687	1.690157	821	0.298417	0.328000	0.344578	
829	0.341375	171	0.567251	1.690157	829	0.341375	0.380000	0.345021	
828	0.309179	172	0.546512	1.690157	828	0.309179	0.350000	0.345082	
812	0.342365	188	0.500000	1.690157	812	0.342365	0.372000	0.345410	
837	0.342891	163	0.490798	1.690157	837	0.342891	0.367000	0.345671	
802	0.311721	198	0.474747	1.690157	802	0.311721	0.344000	0.345651	
818	0.352078	182	0.576923	1.690157	818	0.352078	0.393000	0.346208	
863	0.363847	137	0.408759	1.690157	863	0.363847	0.370000	0.346484	
832	0.299279	168	0.607143	1.690157	832	0.299279	0.351000	0.346536	
818	0.356968	182	0.527473	1.690157	818	0.356968	0.388000	0.347007	
820	0.340244	180	0.550000	1.690157	820	0.340244	0.378000	0.347356	
827	0.344619	173	0.549133	1.690157	827	0.344619	0.380000	0.347718	
849	0.325088	151	0.549669	1.690157	849	0.325088	0.359000	0.347842	
816	0.327206	184	0.527174	1.690157	816	0.327206	0.364000	0.348018	
821	0.299635	179	0.474860	1.690157	821	0.299635	0.331000	0.347835	
817	0.347613	183	0.508197	1.690157	817	0.347613	0.377000	0.348145	
807	0.349442	193	0.512953	1.690157	807	0.349442	0.381000	0.348491	
796	0.341709	204	0.519608	1.690157	796	0.341709	0.378000	0.348798	
826	0.314770	174	0.465517	1.690157	826	0.314770	0.341000	0.348718	
814	0.341523	186	0.564516	1.690157	814	0.341523	0.383000	0.349068	
837	0.357228	163	0.417178	1.690157	837	0.357228	0.367000	0.349249	
840	0.355952	160	0.425000	1.690157	840	0.355952	0.367000	0.349427	
826	0.309927	174	0.603448	1.690157	826	0.309927	0.361000	0.349541	
824	0.311893	176	0.369318	1.690157	824	0.311893	0.322000	0.349271	
847	0.312869	153	0.562092	1.690157	847	0.312869	0.351000	0.349288	
823	0.362090	177	0.525424	1.690157	823	0.362090	0.391000	0.349689	
833	0.337335	167	0.461078	1.690157	833	0.337335	0.358000	0.349768	
832	0.354567	168	0.505952	1.690157	832	0.354567	0.380000	0.350053	
819	0.334554	181	0.519337	1.690157	819	0.334554	0.368000	0.350221	
830	0.342169	170	0.552941	1.690157	830	0.342169	0.378000	0.350478	
840	0.354762	160	0.450000	1.690157	840	0.354762	0.370000	0.350657	
833	0.320528	167	0.538922	1.690157	833	0.320528	0.357000	0.350715	
818	0.352078	182	0.527473	1.690157	818	0.352078	0.384000	0.351015	
844	0.335308	156	0.532051	1.690157	844	0.335308	0.366000	0.351149	
800	0.358750	200	0.400000	1.690157	800	0.358750	0.367000	0.351289	
830	0.348193	170	0.494118	1.690157	830	0.348193	0.373000	0.351479	
830	0.333735	170	0.541176	1.690157	830	0.333735	0.369000	0.351632	
851	0.339600	149	0.328859	1.690157	851	0.339600	0.338000	0.351514	
839	0.339690	161	0.571429	1.690157	839	0.339690	0.377000	0.351732	
826	0.395884	174	0.488506	1.690157	826	0.395884	0.412000	0.352243	
846	0.351064	154	0.461039	1.690157	846	0.351064	0.368000	0.352375	
840	0.367857	160	0.443750	1.690157	840	0.367857	0.380000	0.352605	
825	0.360000	175	0.485714	1.690157	825	0.360000	0.382000	0.352848	
833	0.319328	167	0.485030	1.690157	833	0.319328	0.347000	0.352800	
835	0.365269	165	0.466667	1.690157	835	0.365269	0.382000	0.353038	
858	0.371795	142	0.549296	1.690157	858	0.371795	0.397000	0.353392	
822	0.322384	178	0.426966	1.690157	822	0.322384	0.341000	0.353293	
837	0.328554	163	0.398773	1.690157	837	0.328554	0.340000	0.353188	
834	0.291367	166	0.500000	1.690157	834	0.291367	0.326000	0.352974	
833	0.331333	167	0.544910	1.690157	833	0.331333	0.367000	0.353083	
821	0.326431	179	0.553073	1.690157	821	0.326431	0.367000	0.353191	
807	0.322181	193	0.492228	1.690157	807	0.322181	0.355000	0.353205	
827	0.304716	173	0.572254	1.690157	827	0.304716	0.351000	0.353188	
836	0.338517	164	0.640244	1.690157	836	0.338517	0.388000	0.353452	
821	0.358100	179	0.385475	1.690157	821	0.358100	0.363000	0.353524	
825	0.330909	175	0.600000	1.690157	825	0.330909	0.378000	0.353706	
831	0.330927	169	0.473373	1.690157	831	0.330927	0.355000	0.353716	
818	0.337408	182	0.604396	1.690157	818	0.337408	0.386000	0.353953	
849	0.349823	151	0.503311	1.690157	849	0.349823	0.373000	0.354092	
826	0.357143	174	0.534483	1.690157	826	0.357143	0.388000	0.354338	
822	0.339416	178	0.443820	1.690157	822	0.339416	0.358000	0.354364	
824	0.315534	176	0.545455	1.690157	824	0.315534	0.356000	0.354376	
812	0.341133	188	0.457447	1.690157	812	0.341133	0.363000	0.354437	
807	0.335812	193	0.492228	1.690157	807	0.335812	0.366000	0.354519	
836	0.321770	164	0.481707	1.690157	836	0.321770	0.348000	0.354473	
830	0.379518	170	0.470588	1.690157	830	0.379518	0.395000	0.354754	
830	0.378313	170	0.429412	1.690157	830	0.378313	0.387000	0.354977	
821	0.364190	179	0.463687	1.690157	821	0.364190	0.382000	0.355162	
833	0.345738	167	0.532934	1.690157	833	0.345738	0.377000	0.355311	
818	0.306846	182	0.423077	1.690157	818	0.306846	0.328000	0.355126	
838	0.342482	162	0.382716	1.690157	838	0.342482	0.349000	0.355085	
817	0.359853	183	0.551913	1.690157	817	0.359853	0.395000	0.355351	
860	0.305814	140	0.400000	1.690157	860	0.305814	0.319000	0.355110	
826	0.347458	174	0.522989	1.690157	826	0.347458	0.378000	0.355261	
822	0.345499	178	0.449438	1.690157	822	0.345499	0.364000	0.355318	
845	0.330178	155	0.445161	1.690157	845	0.330178	0.348000	0.355270	
819	0.319902	181	0.453039	1.690157	819	0.319902	0.344000	0.355198	
843	0.334520	157	0.414013	1.690157	843	0.334520	0.347000	0.355145	
842	0.330166	158	0.417722	1.690157	842	0.330166	0.344000	0.355074	
830	0.316867	170	0.541176	1.690157	830	0.316867	0.355000	0.355074	
816	0.340686	184	0.483696	1.690157	816	0.340686	0.367000	0.355149	
833	0.373349	167	0.628743	1.690157	833	0.373349	0.416000	0.355529	
840	0.315476	160	0.387500	1.690157	840	0.315476	0.327000	0.355352	
829	0.331725	171	0.421053	1.690157	829	0.331725	0.347000	0.355300	
824	0.345874	176	0.517045	1.690157	824	0.345874	0.376000	0.355427	
824	0.348301	176	0.443182	1.690157	824	0.348301	0.365000	0.355486	
852	0.326291	148	0.493243	1.690157	852	0.326291	0.351000	0.355458	
824	0.331311	176	0.625000	1.690157	824	0.331311	0.383000	0.355624	
854	0.323185	146	0.424658	1.690157	854	0.323185	0.338000	0.355519	
825	0.363636	175	0.457143	1.690157	825	0.363636	0.380000	0.355665	
816	0.346814	184	0.478261	1.690157	816	0.346814	0.371000	0.355755	
815	0.320245	185	0.297297	1.690157	815	0.320245	0.316000	0.355521	
830	0.298795	170	0.464706	1.690157	830	0.298795	0.327000	0.355355	
838	0.313842	162	0.500000	1.690157	838	0.313842	0.344000	0.355289	
796	0.355528	204	0.529412	1.690157	796	0.355528	0.391000	0.355495	
824	0.350728	176	0.517045	1.690157	824	0.350728	0.380000	0.355636	
841	0.310345	159	0.421384	1.690157	841	0.310345	0.328000	0.355478	
827	0.319226	173	0.445087	1.690157	827	0.319226	0.341000	0.355396	
827	0.304716	173	0.387283	1.690157	827	0.304716	0.319000	0.355190	
819	0.344322	181	0.342541	1.690157	819	0.344322	0.344000	0.355127	
822	0.319951	178	0.516854	1.690157	822	0.319951	0.355000	0.355127	
803	0.310087	197	0.548223	1.690157	803	0.310087	0.357000	0.355137	
799	0.280350	201	0.477612	1.690157	799	0.280350	0.320000	0.354943	
813	0.298893	187	0.481283	1.690157	813	0.298893	0.333000	0.354822	
813	0.279213	187	0.508021	1.690157	813	0.279213	0.322000	0.354643	
807	0.323420	193	0.450777	1.690157	807	0.323420	0.348000	0.354607	
812	0.305419	188	0.574468	1.690157	812	0.305419	0.356000	0.354614	
840	0.315476	160	0.525000	1.690157	840	0.315476	0.349000	0.354584	
833	0.314526	167	0.598802	1.690157	833	0.314526	0.362000	0.354624	
824	0.368932	176	0.454545	1.690157	824	0.368932	0.384000	0.354780	
840	0.354762	160	0.525000	1.690157	840	0.354762	0.382000	0.354924	
806	0.317618	194	0.500000	1.690157	806	0.317618	0.353000	0.354914	
821	0.322777	179	0.452514	1.690157	821	0.322777	0.346000	0.354867	
847	0.282172	153	0.588235	1.690157	847	0.282172	0.329000	0.354733	
837	0.298686	163	0.546012	1.690157	837	0.298686	0.339000	0.354651	
828	0.336957	172	0.459302	1.690157	828	0.336957	0.358000	0.354668	
818	0.293399	182	0.368132	1.690157	818	0.293399	0.307000	0.354424	
827	0.319226	173	0.589595	1.690157	827	0.319226	0.366000	0.354483	
841	0.344828	159	0.352201	1.690157	841	0.344828	0.346000	0.354440	
807	0.337051	193	0.502591	1.690157	807	0.337051	0.369000	0.354513	
806	0.334988	194	0.402062	1.690157	806	0.334988	0.348000	0.354481	
843	0.325030	157	0.464968	1.690157	843	0.325030	0.347000	0.354443	
837	0.321386	163	0.404908	1.690157	837	0.321386	0.335000	0.354346	
838	0.300716	162	0.561728	1.690157	838	0.300716	0.343000	0.354290	
815	0.325153	185	0.497297	1.690157	815	0.325153	0.357000	0.354304	
846	0.332151	154	0.500000	1.690157	846	0.332151	0.358000	0.354322	
832	0.337740	168	0.565476	1.690157	832	0.337740	0.376000	0.354428	
831	0.327316	169	0.426036	1.690157	831	0.327316	0.344000	0.354377	
786	0.352417	214	0.443925	1.690157	786	0.352417	0.372000	0.354462	
842	0.324228	158	0.512658	1.690157	842	0.324228	0.354000	0.354460	
823	0.371810	177	0.457627	1.690157	823	0.371810	0.387000	0.354616	
810	0.301235	190	0.452632	1.690157	810	0.301235	0.330000	0.354498	
830	0.328916	170	0.470588	1.690157	830	0.328916	0.353000	0.354491	
846	0.300236	154	0.629870	1.690157	846	0.300236	0.351000	0.354475	
822	0.339416	178	0.421348	1.690157	822	0.339416	0.354000	0.354473	
832	0.306490	168	0.416667	1.690157	832	0.306490	0.325000	0.354335	
827	0.342201	173	0.387283	1.690157	827	0.342201	0.350000	0.354315	
812	0.330049	188	0.436170	1.690157	812	0.330049	0.350000	0.354295	
831	0.327316	169	0.461538	1.690157	831	0.327316	0.350000	0.354275	
828	0.324879	172	0.430233	1.690157	828	0.324879	0.343000	0.354223	
823	0.345079	177	0.412429	1.690157	823	0.345079	0.357000	0.354236	
812	0.342365	188	0.547872	1.690157	812	0.342365	0.381000	0.354357	
826	0.345036	174	0.557471	1.690157	826	0.345036	0.382000	0.354483	
818	0.349633	182	0.505495	1.690157	818	0.349633	0.378000	0.354588	
841	0.322235	159	0.465409	1.690157	841	0.322235	0.345000	0.354545	
832	0.354567	168	0.571429	1.690157	832	0.354567	0.391000	0.354708	
821	0.355664	179	0.519553	1.690157	821	0.355664	0.385000	0.354843	
829	0.313631	171	0.450292	1.690157	829	0.313631	0.337000	0.354764	
827	0.326481	173	0.560694	1.690157	827	0.326481	0.367000	0.354818	
832	0.338942	168	0.500000	1.690157	832	0.338942	0.366000	0.354867	
836	0.313397	164	0.512195	1.690157	836	0.313397	0.346000	0.354828	
834	0.358513	166	0.500000	1.690157	834	0.358513	0.382000	0.354946	
827	0.336155	173	0.554913	1.690157	827	0.336155	0.374000	0.355029	
830	0.353012	170	0.470588	1.690157	830	0.353012	0.373000	0.355106	
829	0.326900	171	0.526316	1.690157	829	0.326900	0.361000	0.355132	
829	0.382388	171	0.485380	1.690157	829	0.382388	0.400000	0.355323	
828	0.323671	172	0.348837	1.690157	828	0.323671	0.328000	0.355207	
842	0.315914	158	0.487342	1.690157	842	0.315914	0.343000	0.355155	
836	0.334928	164	0.378049	1.690157	836	0.334928	0.342000	0.355100	
827	0.332527	173	0.381503	1.690157	827	0.332527	0.341000	0.355041	
841	0.297265	159	0.515723	1.690157	841	0.297265	0.332000	0.354944	
817	0.326805	183	0.519126	1.690157	817	0.326805	0.362000	0.354974	
826	0.341404	174	0.517241	1.690157	826	0.341404	0.372000	0.355044	
801	0.344569	199	0.472362	1.690157	801	0.344569	0.370000	0.355106	
835	0.297006	165	0.472727	1.690157	835	0.297006	0.326000	0.354986	
822	0.333333	178	0.516854	1.690157	822	0.333333	0.366000	0.355031	
835	0.365269	165	0.515152	1.690157	835	0.365269	0.390000	0.355174	
831	0.328520	169	0.473373	1.690157	831	0.328520	0.353000	0.355165	
843	0.353499	157	0.585987	1.690157	843	0.353499	0.390000	0.355306	
819	0.338217	181	0.519337	1.690157	819	0.338217	0.371000	0.355370	
833	0.326531	167	0.508982	1.690157	833	0.326531	0.357000	0.355376	
811	0.308261	189	0.539683	1.690157	811	0.308261	0.352000	0.355363	
848	0.295991	152	0.552632	1.690157	848	0.295991	0.335000	0.355281	
837	0.303465	163	0.558282	1.690157	837	0.303465	0.345000	0.355241	
855	0.341520	145	0.531034	1.690157	855	0.341520	0.369000	0.355295	
822	0.300487	178	0.404494	1.690157	822	0.300487	0.319000	0.355152	
824	0.305825	176	0.539773	1.690157	824	0.305825	0.347000	0.355120	
833	0.351741	167	0.413174	1.690157	833	0.351741	0.362000	0.355147	
818	0.326406	182	0.505495	1.690157	818	0.326406	0.359000	0.355162	
825	0.309091	175	0.468571	1.690157	825	0.309091	0.337000	0.355092	
824	0.349515	176	0.409091	1.690157	824	0.349515	0.360000	0.355111	
829	0.314837	171	0.543860	1.690157	829	0.314837	0.354000	0.355106	
830	0.340964	170	0.458824	1.690157	830	0.340964	0.361000	0.355129	
823	0.306197	177	0.480226	1.690157	823	0.306197	0.337000	0.355060	
828	0.332126	172	0.459302	1.690157	828	0.332126	0.354000	0.355056	
819	0.317460	181	0.558011	1.690157	819	0.317460	0.361000	0.355078	
835	0.354491	165	0.478788	1.690157	835	0.354491	0.375000	0.355153	
824	0.331311	176	0.477273	1.690157	824	0.331311	0.357000	0.355160	
816	0.344363	184	0.358696	1.690157	816	0.344363	0.347000	0.355130	
828	0.340580	172	0.494186	1.690157	828	0.340580	0.367000	0.355174	
803	0.372354	197	0.492386	1.690157	803	0.372354	0.396000	0.355326	
847	0.358914	153	0.326797	1.690157	847	0.358914	0.354000	0.355321	
841	0.366231	159	0.572327	1.690157	841	0.366231	0.399000	0.355482	
834	0.291367	166	0.578313	1.690157	834	0.291367	0.339000	0.355421	
823	0.341434	177	0.548023	1.690157	823	0.341434	0.378000	0.355504	
832	0.361779	168	0.357143	1.690157	832	0.361779	0.361000	0.355524	
847	0.328217	153	0.418301	1.690157	847	0.328217	0.342000	0.355475	
848	0.336085	152	0.546053	1.690157	848	0.336085	0.368000	0.355520	
824	0.349515	176	0.545455	1.690157	824	0.349515	0.384000	0.355623	
839	0.314660	161	0.515528	1.690157	839	0.314660	0.347000	0.355592	
850	0.369412	150	0.480000	1.690157	850	0.369412	0.386000	0.355701	
844	0.317536	156	0.621795	1.690157	844	0.317536	0.365000	0.355734	
818	0.327628	182	0.500000	1.690157	818	0.327628	0.359000	0.355746	
815	0.357055	185	0.508108	1.690157	815	0.357055	0.385000	0.355850	
808	0.288366	192	0.578125	1.690157	808	0.288366	0.344000	0.355808	
807	0.303594	193	0.445596	1.690157	807	0.303594	0.331000	0.355721	
813	0.362854	187	0.582888	1.690157	813	0.362854	0.404000	0.355890	
846	0.321513	154	0.558442	1.690157	846	0.321513	0.358000	0.355897	
843	0.341637	157	0.439490	1.690157	843	0.341637	0.357000	0.355901	
832	0.324519	168	0.494048	1.690157	832	0.324519	0.353000	0.355891	
814	0.330467	186	0.537634	1.690157	814	0.330467	0.369000	0.355936	
822	0.317518	178	0.488764	1.690157	822	0.317518	0.348000	0.355909	
829	0.341375	171	0.526316	1.690157	829	0.341375	0.373000	0.355968	
837	0.346476	163	0.533742	1.690157	837	0.346476	0.377000	0.356040	
837	0.354839	163	0.386503	1.690157	837	0.354839	0.360000	0.356053	
831	0.304452	169	0.502959	1.690157	831	0.304452	0.338000	0.355992	
832	0.353365	168	0.511905	1.690157	832	0.353365	0.380000	0.356073	
822	0.323601	178	0.629213	1.690157	822	0.323601	0.378000	0.356147	
829	0.359469	171	0.497076	1.690157	829	0.359469	0.383000	0.356238	
837	0.301075	163	0.466258	1.690157	837	0.301075	0.328000	0.356143	
843	0.295374	157	0.503185	1.690157	843	0.295374	0.328000	0.356049	
834	0.326139	166	0.433735	1.690157	834	0.326139	0.344000	0.356009	
824	0.328883	176	0.494318	1.690157	824	0.328883	0.358000	0.356015	
832	0.362981	168	0.523810	1.690157	832	0.362981	0.390000	0.356128	
831	0.359807	169	0.544379	1.690157	831	0.359807	0.391000	0.356243	
830	0.312048	170	0.347059	1.690157	830	0.312048	0.318000	0.356117	
827	0.371221	173	0.433526	1.690157	827	0.371221	0.382000	0.356202	
823	0.296476	177	0.542373	1.690157	823	0.296476	0.340000	0.356149	
816	0.345588	184	0.516304	1.690157	816	0.345588	0.377000	0.356217	
817	0.351285	183	0.562842	1.690157	817	0.351285	0.390000	0.356327	
810	0.327160	190	0.389474	1.690157	810	0.327160	0.339000	0.356271	
824	0.298544	176	0.443182	1.690157	824	0.298544	0.324000	0.356167	
838	0.297136	162	0.574074	1.690157	838	0.297136	0.342000	0.356121	
822	0.347932	178	0.376404	1.690157	822	0.347932	0.353000	0.356111	
824	0.351942	176	0.522727	1.690157	824	0.351942	0.382000	0.356194	
826	0.334140	174	0.551724	1.690157	826	0.334140	0.372000	0.356244	
819	0.372405	181	0.502762	1.690157	819	0.372405	0.396000	0.356370	
818	0.337408	182	0.478022	1.690157	818	0.337408	0.363000	0.356391	
827	0.299879	173	0.456647	1.690157	827	0.299879	0.327000	0.356299	
810	0.349383	190	0.405263	1.690157	810	0.349383	0.360000	0.356310	
840	0.358333	160	0.487500	1.690157	840	0.358333	0.379000	0.356381	
834	0.312950	166	0.451807	1.690157	834	0.312950	0.336000	0.356318	
838	0.342482	162	0.438272	1.690157	838	0.342482	0.358000	0.356323	
828	0.340580	172	0.465116	1.690157	828	0.340580	0.362000	0.356341	
845	0.353846	155	0.645161	1.690157	845	0.353846	0.399000	0.356473	
837	0.356033	163	0.484663	1.690157	837	0.356033	0.377000	0.356536	
831	0.306859	169	0.479290	1.690157	831	0.306859	0.336000	0.356473	
858	0.331002	142	0.450704	1.690157	858	0.331002	0.348000	0.356447	
849	0.321555	151	0.529801	1.690157	849	0.321555	0.353000	0.356436	
839	0.349225	161	0.422360	1.690157	839	0.349225	0.361000	0.356450	
826	0.336562	174	0.419540	1.690157	826	0.336562	0.351000	0.356434	
837	0.323775	163	0.509202	1.690157	837	0.323775	0.354000	0.356426	
831	0.304452	169	0.520710	1.690157	831	0.304452	0.341000	0.356380	
855	0.308772	145	0.503448	1.690157	855	0.308772	0.337000	0.356321	
836	0.332536	164	0.396341	1.690157	836	0.332536	0.343000	0.356281	
835	0.324551	165	0.539394	1.690157	835	0.324551	0.360000	0.356292	
840	0.365476	160	0.387500	1.690157	840	0.365476	0.369000	0.356330	
818	0.363081	182	0.390110	1.690157	818	0.363081	0.368000	0.356365	
824	0.339806	176	0.482955	1.690157	824	0.339806	0.365000	0.356391	
854	0.274005	146	0.520548	1.690157	854	0.274005	0.310000	0.356253	
822	0.327251	178	0.421348	1.690157	822	0.327251	0.344000	0.356217	
854	0.323185	146	0.390411	1.690157	854	0.323185	0.333000	0.356149	
853	0.356389	147	0.503401	1.690157	853	0.356389	0.378000	0.356213	
834	0.327338	166	0.506024	1.690157	834	0.327338	0.357000	0.356215	
833	0.325330	167	0.401198	1.690157	833	0.325330	0.338000	0.356162	
830	0.328916	170	0.494118	1.690157	830	0.328916	0.357000	0.356165	
824	0.304612	176	0.511364	1.690157	824	0.304612	0.341000	0.356121	
840	0.329762	160	0.525000	1.690157	840	0.329762	0.361000	0.356135	
830	0.339759	170	0.482353	1.690157	830	0.339759	0.364000	0.356157	
841	0.361474	159	0.578616	1.690157	841	0.361474	0.396000	0.356272	
835	0.330539	165	0.400000	1.690157	835	0.330539	0.342000	0.356231	
828	0.310386	172	0.447674	1.690157	828	0.310386	0.334000	0.356168	
832	0.284856	168	0.470238	1.690157	832	0.284856	0.316000	0.356053	
828	0.291063	172	0.517442	1.690157	828	0.291063	0.330000	0.355979	
834	0.330935	166	0.524096	1.690157	834	0.330935	0.363000	0.355999	
811	0.367448	189	0.497354	1.690157	811	0.367448	0.392000	0.356101	
829	0.332931	171	0.450292	1.690157	829	0.332931	0.353000	0.356092	
842	0.331354	158	0.550633	1.690157	842	0.331354	0.366000	0.356120	
806	0.316377	194	0.432990	1.690157	806	0.316377	0.339000	0.356072	
818	0.333741	182	0.384615	1.690157	818	0.333741	0.343000	0.356035	
809	0.318912	191	0.392670	1.690157	809	0.318912	0.333000	0.355971	
823	0.331713	177	0.491525	1.690157	823	0.331713	0.360000	0.355982	
832	0.343750	168	0.392857	1.690157	832	0.343750	0.352000	0.355971	
826	0.319613	174	0.557471	1.690157	826	0.319613	0.361000	0.355985	
819	0.313797	181	0.524862	1.690157	819	0.313797	0.352000	0.355974	
846	0.348700	154	0.474026	1.690157	846	0.348700	0.368000	0.356007	
851	0.331375	149	0.516779	1.690157	851	0.331375	0.359000	0.356015	
840	0.332143	160	0.481250	1.690157	840	0.332143	0.356000	0.356015	
851	0.319624	149	0.577181	1.690157	851	0.319624	0.358000	0.356021	
838	0.367542	162	0.432099	1.690157	838	0.367542	0.378000	0.356081	
829	0.358263	171	0.438596	1.690157	829	0.358263	0.372000	0.356124	
822	0.317518	178	0.505618	1.690157	822	0.317518	0.351000	0.356110	
823	0.335358	177	0.446328	1.690157	823	0.335358	0.355000	0.356107	
806	0.311414	194	0.546392	1.690157	806	0.311414	0.357000	0.356109	
791	0.305942	209	0.444976	1.690157	791	0.305942	0.335000	0.356053	
820	0.317073	180	0.661111	1.690157	820	0.317073	0.379000	0.356114	
827	0.331318	173	0.537572	1.690157	827	0.331318	0.367000	0.356143	
833	0.327731	167	0.461078	1.690157	833	0.327731	0.350000	0.356127	
834	0.309353	166	0.572289	1.690157	834	0.309353	0.353000	0.356118	
852	0.334507	148	0.439189	1.690157	852	0.334507	0.350000	0.356102	
814	0.320639	186	0.467742	1.690157	814	0.320639	0.348000	0.356081	
802	0.319202	198	0.585859	1.690157	802	0.319202	0.372000	0.356123	
824	0.336165	176	0.551136	1.690157	824	0.336165	0.374000	0.356170	
837	0.327360	163	0.460123	1.690157	837	0.327360	0.349000	0.356151	
838	0.334129	162	0.401235	1.690157	838	0.334129	0.345000	0.356122	
837	0.323775	163	0.478528	1.690157	837	0.323775	0.349000	0.356103	
821	0.304507	179	0.486034	1.690157	821	0.304507	0.337000	0.356054	
813	0.314883	187	0.497326	1.690157	813	0.314883	0.349000	0.356035	
836	0.295455	164	0.512195	1.690157	836	0.295455	0.331000	0.355971	
834	0.336930	166	0.397590	1.690157	834	0.336930	0.347000	0.355948	
849	0.301531	151	0.543046	1.690157	849	0.301531	0.338000	0.355901	
822	0.360097	178	0.455056	1.690157	822	0.360097	0.377000	0.355955	
819	0.376068	181	0.491713	1.690157	819	0.376068	0.397000	0.356060	
836	0.279904	164	0.432927	1.690157	836	0.279904	0.305000	0.355930	
835	0.304192	165	0.539394	1.690157	835	0.304192	0.343000	0.355897	
845	0.317160	155	0.464516	1.690157	845	0.317160	0.340000	0.355857	
819	0.311355	181	0.497238	1.690157	819	0.311355	0.345000	0.355829	
830	0.342169	170	0.511765	1.690157	830	0.342169	0.371000	0.355868	
847	0.316411	153	0.529412	1.690157	847	0.316411	0.349000	0.355850	
842	0.355107	158	0.474684	1.690157	842	0.355107	0.374000	0.355896	
829	0.317250	171	0.461988	1.690157	829	0.317250	0.342000	0.355861	
812	0.318966	188	0.478723	1.690157	812	0.318966	0.349000	0.355844	
832	0.340144	168	0.500000	1.690157	832	0.340144	0.367000	0.355872	
838	0.319809	162	0.475309	1.690157	838	0.319809	0.345000	0.355845	
814	0.377150	186	0.279570	1.690157	814	0.377150	0.359000	0.355853	
810	0.311111	190	0.442105	1.690157	810	0.311111	0.336000	0.355804	
812	0.309113	188	0.500000	1.690157	812	0.309113	0.345000	0.355777	
813	0.346863	187	0.465241	1.690157	813	0.346863	0.369000	0.355809	
841	0.346017	159	0.515723	1.690157	841	0.346017	0.373000	0.355852	
835	0.318563	165	0.472727	1.690157	835	0.318563	0.344000	0.355823	
826	0.322034	174	0.540230	1.690157	826	0.322034	0.360000	0.355833	
841	0.337693	159	0.471698	1.690157	841	0.337693	0.359000	0.355841	
831	0.339350	169	0.420118	1.690157	831	0.339350	0.353000	0.355834	
813	0.345633	187	0.470588	1.690157	813	0.345633	0.369000	0.355866	
844	0.337678	156	0.557692	1.690157	844	0.337678	0.372000	0.355905	
831	0.322503	169	0.556213	1.690157	831	0.322503	0.362000	0.355919	
839	0.353993	161	0.496894	1.690157	839	0.353993	0.377000	0.355970	
834	0.330935	166	0.493976	1.690157	834	0.330935	0.358000	0.355975	
841	0.323424	159	0.477987	1.690157	841	0.323424	0.348000	0.355956	
844	0.304502	156	0.570513	1.690157	844	0.304502	0.346000	0.355932	
831	0.321300	169	0.514793	1.690157	831	0.321300	0.354000	0.355928	
818	0.331296	182	0.395604	1.690157	818	0.331296	0.343000	0.355897	
825	0.321212	175	0.508571	1.690157	825	0.321212	0.354000	0.355892	
827	0.319226	173	0.578035	1.690157	827	0.319226	0.364000	0.355911	
819	0.347985	181	0.408840	1.690157	819	0.347985	0.359000	0.355919	
816	0.338235	184	0.532609	1.690157	816	0.338235	0.374000	0.355961	
826	0.330508	174	0.459770	1.690157	826	0.330508	0.353000	0.355954	
839	0.327771	161	0.515528	1.690157	839	0.327771	0.358000	0.355959	
832	0.330529	168	0.523810	1.690157	832	0.330529	0.363000	0.355976	
834	0.326139	166	0.554217	1.690157	834	0.326139	0.364000	0.355994	
833	0.333733	167	0.514970	1.690157	833	0.333733	0.364000	0.356013	
826	0.289346	174	0.390805	1.690157	826	0.289346	0.307000	0.355899	
851	0.327850	149	0.577181	1.690157	851	0.327850	0.365000	0.355920	
823	0.330498	177	0.446328	1.690157	823	0.330498	0.351000	0.355909	
842	0.288599	158	0.582278	1.690157	842	0.288599	0.335000	0.355861	
829	0.349819	171	0.561404	1.690157	829	0.349819	0.386000	0.355930	
840	0.345238	160	0.506250	1.690157	840	0.345238	0.371000	0.355965	
804	0.318408	196	0.551020	1.690157	804	0.318408	0.364000	0.355983	
841	0.331748	159	0.559748	1.690157	841	0.331748	0.368000	0.356011	
843	0.327402	157	0.464968	1.690157	843	0.327402	0.349000	0.355995	
839	0.318236	161	0.546584	1.690157	839	0.318236	0.355000	0.355992	
810	0.339506	190	0.494737	1.690157	810	0.339506	0.369000	0.356022	
829	0.323281	171	0.432749	1.690157	829	0.323281	0.342000	0.355990	
822	0.367397	178	0.426966	1.690157	822	0.367397	0.378000	0.356040	
831	0.359807	169	0.526627	1.690157	831	0.359807	0.388000	0.356112	
815	0.363190	185	0.486486	1.690157	815	0.363190	0.386000	0.356179	
831	0.324910	169	0.485207	1.690157	831	0.324910	0.352000	0.356170	
831	0.310469	169	0.520710	1.690157	831	0.310469	0.346000	0.356147	
825	0.321212	175	0.428571	1.690157	825	0.321212	0.340000	0.356111	
806	0.332506	194	0.525773	1.690157	806	0.332506	0.370000	0.356142	
835	0.317365	165	0.545455	1.690157	835	0.317365	0.355000	0.356140	
831	0.317690	169	0.520710	1.690157	831	0.317690	0.352000	0.356130	
813	0.338253	187	0.481283	1.690157	813	0.338253	0.365000	0.356150	
819	0.328449	181	0.486188	1.690157	819	0.328449	0.357000	0.356152	
840	0.307143	160	0.481250	1.690157	840	0.307143	0.335000	0.356105	
802	0.317955	198	0.479798	1.690157	802	0.317955	0.350000	0.356092	
828	0.350242	172	0.511628	1.690157	828	0.350242	0.378000	0.356140	
839	0.324195	161	0.416149	1.690157	839	0.324195	0.339000	0.356102	
826	0.320823	174	0.563218	1.690157	826	0.320823	0.363000	0.356117	
836	0.351675	164	0.426829	1.690157	836	0.351675	0.364000	0.356135	
837	0.327360	163	0.441718	1.690157	837	0.327360	0.346000	0.356113	
823	0.360875	177	0.440678	1.690157	823	0.360875	0.375000	0.356154	
824	0.316748	176	0.488636	1.690157	824	0.316748	0.347000	0.356134	
814	0.320639	186	0.462366	1.690157	814	0.320639	0.347000	0.356114	
815	0.334969	185	0.448649	1.690157	815	0.334969	0.356000	0.356114	
820	0.313415	180	0.488889	1.690157	820	0.313415	0.345000	0.356090	
836	0.309809	164	0.451220	1.690157	836	0.309809	0.333000	0.356040	
838	0.291169	162	0.475309	1.690157	838	0.291169	0.321000	0.355965	
816	0.306373	184	0.461957	1.690157	816	0.306373	0.335000	0.355920	
822	0.335766	178	0.460674	1.690157	822	0.335766	0.358000	0.355924	
835	0.300599	165	0.509091	1.690157	835	0.300599	0.335000	0.355880	
837	0.324970	163	0.398773	1.690157	837	0.324970	0.337000	0.355840	
851	0.301998	149	0.496644	1.690157	851	0.301998	0.331000	0.355787	
839	0.339690	161	0.515528	1.690157	839	0.339690	0.368000	0.355813	
840	0.344048	160	0.506250	1.690157	840	0.344048	0.370000	0.355843	
829	0.322075	171	0.473684	1.690157	829	0.322075	0.348000	0.355826	
830	0.321687	170	0.529412	1.690157	830	0.321687	0.357000	0.355829	
816	0.335784	184	0.527174	1.690157	816	0.335784	0.371000	0.355861	
831	0.305656	169	0.485207	1.690157	831	0.305656	0.336000	0.355819	
834	0.328537	166	0.397590	1.690157	834	0.328537	0.340000	0.355786	
841	0.349584	159	0.421384	1.690157	841	0.349584	0.361000	0.355797	
838	0.365155	162	0.469136	1.690157	838	0.365155	0.382000	0.355851	
819	0.296703	181	0.497238	1.690157	819	0.296703	0.333000	0.355804	
819	0.330891	181	0.513812	1.690157	819	0.330891	0.364000	0.355821	
824	0.367718	176	0.539773	1.690157	824	0.367718	0.398000	0.355908	
834	0.333333	166	0.385542	1.690157	834	0.333333	0.342000	0.355879	
835	0.344910	165	0.333333	1.690157	835	0.344910	0.343000	0.355853	
842	0.314727	158	0.594937	1.690157	842	0.314727	0.359000	0.355859	
838	0.342482	162	0.382716	1.690157	838	0.342482	0.349000	0.355845	
822	0.316302	178	0.460674	1.690157	822	0.316302	0.342000	0.355817	
828	0.358696	172	0.523256	1.690157	828	0.358696	0.387000	0.355881	
827	0.327690	173	0.462428	1.690157	827	0.327690	0.351000	0.355871	
826	0.331719	174	0.448276	1.690157	826	0.331719	0.352000	0.355863	
826	0.341404	174	0.465517	1.690157	826	0.341404	0.363000	0.355877	
818	0.316626	182	0.494505	1.690157	818	0.316626	0.349000	0.355863	
827	0.303507	173	0.549133	1.690157	827	0.303507	0.346000	0.355843	
821	0.342266	179	0.363128	1.690157	821	0.342266	0.346000	0.355824	
824	0.313107	176	0.392045	1.690157	824	0.313107	0.327000	0.355765	
833	0.316927	167	0.568862	1.690157	833	0.316927	0.359000	0.355772	
814	0.325553	186	0.489247	1.690157	814	0.325553	0.356000	0.355772	
819	0.329670	181	0.458564	1.690157	819	0.329670	0.353000	0.355767	
828	0.305556	172	0.633721	1.690157	828	0.305556	0.362000	0.355779	
824	0.324029	176	0.482955	1.690157	824	0.324029	0.352000	0.355772	
821	0.322777	179	0.569832	1.690157	821	0.322777	0.367000	0.355794	
833	0.334934	167	0.443114	1.690157	833	0.334934	0.353000	0.355789	
825	0.349091	175	0.531429	1.690157	825	0.349091	0.381000	0.355839	
841	0.350773	159	0.528302	1.690157	841	0.350773	0.379000	0.355884	
816	0.337010	184	0.559783	1.690157	816	0.337010	0.378000	0.355928	
849	0.346290	151	0.357616	1.690157	849	0.346290	0.348000	0.355913	
808	0.345297	192	0.505208	1.690157	808	0.345297	0.376000	0.355952	
823	0.324423	177	0.519774	1.690157	823	0.324423	0.359000	0.355958	
801	0.329588	199	0.472362	1.690157	801	0.329588	0.358000	0.355962	
832	0.342548	168	0.428571	1.690157	832	0.342548	0.357000	0.355964	
816	0.316176	184	0.407609	1.690157	816	0.316176	0.333000	0.355919	
825	0.305455	175	0.594286	1.690157	825	0.305455	0.356000	0.355919	
832	0.336538	168	0.392857	1.690157	832	0.336538	0.346000	0.355900	
826	0.324455	174	0.597701	1.690157	826	0.324455	0.372000	0.355931	
789	0.305450	211	0.436019	1.690157	789	0.305450	0.333000	0.355887	
813	0.289053	187	0.465241	1.690157	813	0.289053	0.322000	0.355821	
850	0.289412	150	0.553333	1.690157	850	0.289412	0.329000	0.355770	
838	0.347255	162	0.481481	1.690157	838	0.347255	0.369000	0.355795	
829	0.319662	171	0.456140	1.690157	829	0.319662	0.343000	0.355770	
828	0.347826	172	0.418605	1.690157	828	0.347826	0.360000	0.355779	
849	0.313310	151	0.516556	1.690157	849	0.313310	0.344000	0.355756	
812	0.300493	188	0.494681	1.690157	812	0.300493	0.337000	0.355720	
821	0.322777	179	0.536313	1.690157	821	0.322777	0.361000	0.355730	
846	0.309693	154	0.474026	1.690157	846	0.309693	0.335000	0.355691	
821	0.303289	179	0.508380	1.690157	821	0.303289	0.340000	0.355661	
817	0.328029	183	0.497268	1.690157	817	0.328029	0.359000	0.355667	
836	0.355263	164	0.402439	1.690157	836	0.355263	0.363000	0.355681	
830	0.310843	170	0.611765	1.690157	830	0.310843	0.362000	0.355693	
841	0.348395	159	0.547170	1.690157	841	0.348395	0.380000	0.355739	
829	0.341375	171	0.473684	1.690157	829	0.341375	0.364000	0.355755	
811	0.329223	189	0.507937	1.690157	811	0.329223	0.363000	0.355768	
798	0.340852	202	0.381188	1.690157	798	0.340852	0.349000	0.355755	
819	0.301587	181	0.430939	1.690157	819	0.301587	0.325000	0.355698	
839	0.348033	161	0.440994	1.690157	839	0.348033	0.363000	0.355711	
799	0.352941	201	0.462687	1.690157	799	0.352941	0.375000	0.355747	
820	0.307317	180	0.388889	1.690157	820	0.307317	0.322000	0.355685	
828	0.323671	172	0.511628	1.690157	828	0.323671	0.356000	0.355685	
815	0.331288	185	0.443243	1.690157	815	0.331288	0.352000	0.355678	
822	0.362530	178	0.483146	1.690157	822	0.362530	0.384000	0.355731	
821	0.358100	179	0.446927	1.690157	821	0.358100	0.374000	0.355765	
816	0.341912	184	0.451087	1.690157	816	0.341912	0.362000	0.355776	
831	0.332130	169	0.461538	1.690157	831	0.332130	0.354000	0.355773	
815	0.354601	185	0.481081	1.690157	815	0.354601	0.378000	0.355814	
823	0.346294	177	0.361582	1.690157	823	0.346294	0.349000	0.355801	
831	0.321300	169	0.396450	1.690157	831	0.321300	0.334000	0.355761	
835	0.312575	165	0.430303	1.690157	835	0.312575	0.332000	0.355718	
832	0.299279	168	0.422619	1.690157	832	0.299279	0.320000	0.355653	
831	0.326113	169	0.426036	1.690157	831	0.326113	0.343000	0.355630	
802	0.331671	198	0.479798	1.690157	802	0.331671	0.361000	0.355639	
819	0.346764	181	0.563536	1.690157	819	0.346764	0.386000	0.355694	
812	0.353448	188	0.468085	1.690157	812	0.353448	0.375000	0.355729	
835	0.334132	165	0.618182	1.690157	835	0.334132	0.381000	0.355775	
818	0.354523	182	0.379121	1.690157	818	0.354523	0.359000	0.355781	
837	0.333333	163	0.417178	1.690157	837	0.333333	0.347000	0.355765	
836	0.311005	164	0.518293	1.690157	836	0.311005	0.345000	0.355746	
851	0.340776	149	0.436242	1.690157	851	0.340776	0.355000	0.355744	
830	0.351807	170	0.452941	1.690157	830	0.351807	0.369000	0.355768	
833	0.333733	167	0.437126	1.690157	833	0.333733	0.351000	0.355760	
828	0.316425	172	0.534884	1.690157	828	0.316425	0.354000	0.355757	
845	0.328994	155	0.477419	1.690157	845	0.328994	0.352000	0.355750	
806	0.343672	194	0.520619	1.690157	806	0.343672	0.378000	0.355789	
821	0.342266	179	0.502793	1.690157	821	0.342266	0.371000	0.355816	
806	0.372208	194	0.530928	1.690157	806	0.372208	0.403000	0.355900	
813	0.359164	187	0.534759	1.690157	813	0.359164	0.392000	0.355964	
812	0.315271	188	0.441489	1.690157	812	0.315271	0.339000	0.355934	
830	0.338554	170	0.476471	1.690157	830	0.338554	0.362000	0.355945	
831	0.351384	169	0.467456	1.690157	831	0.351384	0.371000	0.355971	
837	0.353644	163	0.466258	1.690157	837	0.353644	0.372000	0.355999	
822	0.330900	178	0.516854	1.690157	822	0.330900	0.364000	0.356013	
822	0.350365	178	0.556180	1.690157	822	0.350365	0.387000	0.356068	
834	0.321343	166	0.530120	1.690157	834	0.321343	0.356000	0.356068	
832	0.355769	168	0.422619	1.690157	832	0.355769	0.367000	0.356087	
832	0.317308	168	0.535714	1.690157	832	0.317308	0.354000	0.356083	
822	0.371046	178	0.466292	1.690157	822	0.371046	0.388000	0.356139	
827	0.368803	173	0.468208	1.690157	827	0.368803	0.386000	0.356190	
820	0.342683	180	0.438889	1.690157	820	0.342683	0.360000	0.356197	
824	0.328883	176	0.465909	1.690157	824	0.328883	0.353000	0.356191	
823	0.324423	177	0.553672	1.690157	823	0.324423	0.365000	0.356207	
819	0.350427	181	0.337017	1.690157	819	0.350427	0.348000	0.356192	
838	0.305489	162	0.438272	1.690157	838	0.305489	0.327000	0.356142	
830	0.344578	170	0.452941	1.690157	830	0.344578	0.363000	0.356154	
826	0.340194	174	0.505747	1.690157	826	0.340194	0.369000	0.356176	
841	0.359096	159	0.471698	1.690157	841	0.359096	0.377000	0.356212	
838	0.309069	162	0.604938	1.690157	838	0.309069	0.357000	0.356213	
841	0.316290	159	0.433962	1.690157	841	0.316290	0.335000	0.356177	
827	0.315599	173	0.526012	1.690157	827	0.315599	0.352000	0.356170	
844	0.324645	156	0.512821	1.690157	844	0.324645	0.354000	0.356166	
833	0.326531	167	0.461078	1.690157	833	0.326531	0.349000	0.356154	
823	0.343864	177	0.491525	1.690157	823	0.343864	0.370000	0.356177	
814	0.302211	186	0.478495	1.690157	814	0.302211	0.335000	0.356142	
831	0.315283	169	0.473373	1.690157	831	0.315283	0.342000	0.356118	
844	0.347156	156	0.576923	1.690157	844	0.347156	0.383000	0.356163	
807	0.340768	193	0.424870	1.690157	807	0.340768	0.357000	0.356164	
841	0.316290	159	0.484277	1.690157	841	0.316290	0.343000	0.356142	
820	0.310976	180	0.577778	1.690157	820	0.310976	0.359000	0.356147	
833	0.350540	167	0.407186	1.690157	833	0.350540	0.360000	0.356154	
845	0.330178	155	0.458065	1.690157	845	0.330178	0.350000	0.356143	
851	0.354877	149	0.570470	1.690157	851	0.354877	0.387000	0.356195	
827	0.347037	173	0.526012	1.690157	827	0.347037	0.378000	0.356231	
833	0.314526	167	0.538922	1.690157	833	0.314526	0.352000	0.356224	
819	0.373626	181	0.563536	1.690157	819	0.373626	0.408000	0.356310	
826	0.361985	174	0.522989	1.690157	826	0.361985	0.390000	0.356366	
832	0.344952	168	0.523810	1.690157	832	0.344952	0.375000	0.356397	
828	0.321256	172	0.436047	1.690157	828	0.321256	0.341000	0.356371	
821	0.352010	179	0.525140	1.690157	821	0.352010	0.383000	0.356415	
827	0.311971	173	0.491329	1.690157	827	0.311971	0.343000	0.356393	
830	0.355422	170	0.535294	1.690157	830	0.355422	0.386000	0.356442	
820	0.306098	180	0.500000	1.690157	820	0.306098	0.341000	0.356416	
807	0.328377	193	0.502591	1.690157	807	0.328377	0.362000	0.356426	
807	0.345725	193	0.430052	1.690157	807	0.345725	0.362000	0.356435	
814	0.326781	186	0.526882	1.690157	814	0.326781	0.364000	0.356447	
829	0.323281	171	0.508772	1.690157	829	0.323281	0.355000	0.356445	
800	0.337500	200	0.410000	1.690157	800	0.337500	0.352000	0.356438	
838	0.349642	162	0.475309	1.690157	838	0.349642	0.370000	0.356460	
821	0.321559	179	0.469274	1.690157	821	0.321559	0.348000	0.356446	
831	0.362214	169	0.437870	1.690157	831	0.362214	0.375000	0.356476	
855	0.355556	145	0.503448	1.690157	855	0.355556	0.377000	0.356509	
813	0.323493	187	0.465241	1.690157	813	0.323493	0.350000	0.356499	
840	0.354762	160	0.437500	1.690157	840	0.354762	0.368000	0.356517	
851	0.310223	149	0.510067	1.690157	851	0.310223	0.340000	0.356491	
821	0.349574	179	0.458101	1.690157	821	0.349574	0.369000	0.356511	
849	0.335689	151	0.403974	1.690157	849	0.335689	0.346000	0.356494	
799	0.312891	201	0.368159	1.690157	799	0.312891	0.324000	0.356442	
832	0.338942	168	0.386905	1.690157	832	0.338942	0.347000	0.356427	
817	0.330477	183	0.546448	1.690157	817	0.330477	0.370000	0.356448	
820	0.323171	180	0.538889	1.690157	820	0.323171	0.362000	0.356457	
825	0.321212	175	0.462857	1.690157	825	0.321212	0.346000	0.356441	
824	0.355583	176	0.454545	1.690157	824	0.355583	0.373000	0.356467	
826	0.317191	174	0.494253	1.690157	826	0.317191	0.348000	0.356453	
829	0.352232	171	0.350877	1.690157	829	0.352232	0.352000	0.356446	
817	0.276622	183	0.601093	1.690157	817	0.276622	0.336000	0.356414	
834	0.340528	166	0.457831	1.690157	834	0.340528	0.360000	0.356420	
827	0.319226	173	0.526012	1.690157	827	0.319226	0.355000	0.356417	
828	0.346618	172	0.500000	1.690157	828	0.346618	0.373000	0.356444	
820	0.351220	180	0.561111	1.690157	820	0.351220	0.389000	0.356495	
832	0.341346	168	0.434524	1.690157	832	0.341346	0.357000	0.356496	
827	0.336155	173	0.427746	1.690157	827	0.336155	0.352000	0.356488	
837	0.320191	163	0.435583	1.690157	837	0.320191	0.339000	0.356461	
848	0.281840	152	0.572368	1.690157	848	0.281840	0.326000	0.356414	
837	0.303465	163	0.361963	1.690157	837	0.303465	0.313000	0.356346	
847	0.353011	153	0.470588	1.690157	847	0.353011	0.371000	0.356369	
847	0.334120	153	0.457516	1.690157	847	0.334120	0.353000	0.356363	
835	0.368862	165	0.509091	1.690157	835	0.368862	0.392000	0.356419	
828	0.369565	172	0.529070	1.690157	828	0.369565	0.397000	0.356482	
837	0.318996	163	0.423313	1.690157	837	0.318996	0.336000	0.356450	
829	0.341375	171	0.479532	1.690157	829	0.341375	0.365000	0.356463	
810	0.337037	190	0.563158	1.690157	810	0.337037	0.380000	0.356499	
818	0.339853	182	0.439560	1.690157	818	0.339853	0.358000	0.356502	
827	0.331318	173	0.491329	1.690157	827	0.331318	0.359000	0.356506	
822	0.345499	178	0.550562	1.690157	822	0.345499	0.382000	0.356545	
841	0.340071	159	0.484277	1.690157	841	0.340071	0.363000	0.356555	
836	0.355263	164	0.493902	1.690157	836	0.355263	0.378000	0.356588	
849	0.353357	151	0.417219	1.690157	849	0.353357	0.363000	0.356597	
845	0.372781	155	0.425806	1.690157	845	0.372781	0.381000	0.356635	
847	0.342385	153	0.418301	1.690157	847	0.342385	0.354000	0.356631	
837	0.365591	163	0.546012	1.690157	837	0.365591	0.395000	0.356689	
848	0.288915	152	0.532895	1.690157	848	0.288915	0.326000	0.356642	
831	0.318893	169	0.402367	1.690157	831	0.318893	0.333000	0.356606	
802	0.385287	198	0.510101	1.690157	802	0.385287	0.410000	0.356687	
845	0.357396	155	0.341935	1.690157	845	0.357396	0.355000	0.356685	
838	0.311456	162	0.444444	1.690157	838	0.311456	0.333000	0.356649	
815	0.341104	185	0.497297	1.690157	815	0.341104	0.370000	0.356669	
835	0.334132	165	0.575758	1.690157	835	0.334132	0.374000	0.356695	
822	0.327251	178	0.393258	1.690157	822	0.327251	0.339000	0.356669	
837	0.327360	163	0.429448	1.690157	837	0.327360	0.344000	0.356650	
843	0.326216	157	0.414013	1.690157	843	0.326216	0.340000	0.356625	
825	0.298182	175	0.451429	1.690157	825	0.298182	0.325000	0.356577	
840	0.323810	160	0.418750	1.690157	840	0.323810	0.339000	0.356551	
827	0.320435	173	0.497110	1.690157	827	0.320435	0.351000	0.356543	
830	0.354217	170	0.488235	1.690157	830	0.354217	0.377000	0.356573	
848	0.308962	152	0.500000	1.690157	848	0.308962	0.338000	0.356546	
817	0.343941	183	0.387978	1.690157	817	0.343941	0.352000	0.356539	
826	0.369249	174	0.540230	1.690157	826	0.369249	0.399000	0.356602	
848	0.301887	152	0.434211	1.690157	848	0.301887	0.322000	0.356551	
816	0.317402	184	0.505435	1.690157	816	0.317402	0.352000	0.356544	
830	0.331325	170	0.494118	1.690157	830	0.331325	0.359000	0.356547	
842	0.334917	158	0.544304	1.690157	842	0.334917	0.368000	0.356564	
836	0.332536	164	0.506098	1.690157	836	0.332536	0.361000	0.356571	
837	0.345281	163	0.521472	1.690157	837	0.345281	0.374000	0.356597	
834	0.334532	166	0.373494	1.690157	834	0.334532	0.341000	0.356574	
825	0.334545	175	0.422857	1.690157	825	0.334545	0.350000	0.356564	
840	0.315476	160	0.531250	1.690157	840	0.315476	0.350000	0.356554	
830	0.312048	170	0.547059	1.690157	830	0.312048	0.352000	0.356548	
829	0.323281	171	0.415205	1.690157	829	0.323281	0.339000	0.356522	
805	0.347826	195	0.410256	1.690157	805	0.347826	0.360000	0.356527	
839	0.336114	161	0.590062	1.690157	839	0.336114	0.377000	0.356557	
836	0.313397	164	0.481707	1.690157	836	0.313397	0.341000	0.356534	
831	0.321300	169	0.562130	1.690157	831	0.321300	0.362000	0.356542	
833	0.366146	167	0.431138	1.690157	833	0.366146	0.377000	0.356572	
828	0.342995	172	0.575581	1.690157	828	0.342995	0.383000	0.356610	
835	0.353293	165	0.460606	1.690157	835	0.353293	0.371000	0.356631	
815	0.320245	185	0.383784	1.690157	815	0.320245	0.332000	0.356595	
827	0.321644	173	0.468208	1.690157	827	0.321644	0.347000	0.356582	
827	0.320435	173	0.537572	1.690157	827	0.320435	0.358000	0.356584	
835	0.353293	165	0.375758	1.690157	835	0.353293	0.357000	0.356584	
823	0.341434	177	0.531073	1.690157	823	0.341434	0.375000	0.356611	
826	0.332930	174	0.477011	1.690157	826	0.332930	0.358000	0.356613	
829	0.337756	171	0.485380	1.690157	829	0.337756	0.363000	0.356622	
836	0.327751	164	0.518293	1.690157	836	0.327751	0.359000	0.356625	
804	0.330846	196	0.571429	1.690157	804	0.330846	0.378000	0.356656	
814	0.346437	186	0.586022	1.690157	814	0.346437	0.391000	0.356705	
820	0.317073	180	0.561111	1.690157	820	0.317073	0.361000	0.356711	
804	0.354478	196	0.479592	1.690157	804	0.354478	0.379000	0.356742	
811	0.319359	189	0.539683	1.690157	811	0.319359	0.361000	0.356748	
832	0.335337	168	0.482143	1.690157	832	0.335337	0.360000	0.356753	
815	0.303067	185	0.572973	1.690157	815	0.303067	0.353000	0.356748	
840	0.342857	160	0.562500	1.690157	840	0.342857	0.378000	0.356778	
825	0.318788	175	0.560000	1.690157	825	0.318788	0.361000	0.356784	
837	0.323775	163	0.515337	1.690157	837	0.323775	0.355000	0.356781	
821	0.339829	179	0.446927	1.690157	821	0.339829	0.359000	0.356784	
818	0.337408	182	0.483516	1.690157	818	0.337408	0.364000	0.356794	
830	0.308434	170	0.405882	1.690157	830	0.308434	0.325000	0.356750	
843	0.301305	157	0.490446	1.690157	843	0.301305	0.331000	0.356714	
826	0.301453	174	0.522989	1.690157	826	0.301453	0.340000	0.356690	
825	0.346667	175	0.531429	1.690157	825	0.346667	0.379000	0.356722	
834	0.359712	166	0.506024	1.690157	834	0.359712	0.384000	0.356760	
830	0.349398	170	0.411765	1.690157	830	0.349398	0.360000	0.356764	
824	0.348301	176	0.431818	1.690157	824	0.348301	0.363000	0.356773	
829	0.351025	171	0.491228	1.690157	829	0.351025	0.375000	0.356798	
836	0.315789	164	0.591463	1.690157	836	0.315789	0.361000	0.356804	
839	0.338498	161	0.478261	1.690157	839	0.338498	0.361000	0.356810	
819	0.319902	181	0.524862	1.690157	819	0.319902	0.357000	0.356810	
820	0.307317	180	0.488889	1.690157	820	0.307317	0.340000	0.356787	
834	0.291367	166	0.554217	1.690157	834	0.291367	0.335000	0.356757	
829	0.329312	171	0.461988	1.690157	829	0.329312	0.352000	0.356750	
837	0.336918	163	0.490798	1.690157	837	0.336918	0.362000	0.356757	
843	0.322657	157	0.554140	1.690157	843	0.322657	0.359000	0.356760	
829	0.349819	171	0.543860	1.690157	829	0.349819	0.383000	0.356796	
822	0.343066	178	0.528090	1.690157	822	0.343066	0.376000	0.356823	
835	0.287425	165	0.503030	1.690157	835	0.287425	0.323000	0.356777	
822	0.339416	178	0.589888	1.690157	822	0.339416	0.384000	0.356814	
819	0.343101	181	0.530387	1.690157	819	0.343101	0.377000	0.356841	
822	0.373479	178	0.528090	1.690157	822	0.373479	0.401000	0.356901	
831	0.326113	169	0.573964	1.690157	831	0.326113	0.368000	0.356917	
803	0.352428	197	0.563452	1.690157	803	0.352428	0.394000	0.356967	
812	0.300493	188	0.542553	1.690157	812	0.300493	0.346000	0.356952	
844	0.311611	156	0.455128	1.690157	844	0.311611	0.334000	0.356921	
832	0.322115	168	0.541667	1.690157	832	0.322115	0.359000	0.356924	
841	0.331748	159	0.515723	1.690157	841	0.331748	0.361000	0.356929	
836	0.315789	164	0.512195	1.690157	836	0.315789	0.348000	0.356917	
837	0.324970	163	0.435583	1.690157	837	0.324970	0.343000	0.356898	
821	0.316687	179	0.469274	1.690157	821	0.316687	0.344000	0.356881	
809	0.316440	191	0.439791	1.690157	809	0.316440	0.340000	0.356858	
817	0.313341	183	0.540984	1.690157	817	0.313341	0.355000	0.356856	
816	0.318627	184	0.532609	1.690157	816	0.318627	0.358000	0.356857	
803	0.354919	197	0.522843	1.690157	803	0.354919	0.388000	0.356899	
818	0.309291	182	0.494505	1.690157	818	0.309291	0.343000	0.356881	
833	0.310924	167	0.479042	1.690157	833	0.310924	0.339000	0.356857	
836	0.328947	164	0.536585	1.690157	836	0.328947	0.363000	0.356865	
839	0.307509	161	0.372671	1.690157	839	0.307509	0.318000	0.356813	
828	0.340580	172	0.511628	1.690157	828	0.340580	0.370000	0.356831	
833	0.292917	167	0.520958	1.690157	833	0.292917	0.331000	0.356796	
846	0.329787	154	0.422078	1.690157	846	0.329787	0.344000	0.356779	
838	0.325776	162	0.537037	1.690157	838	0.325776	0.360000	0.356784	
839	0.331347	161	0.478261	1.690157	839	0.331347	0.355000	0.356781	
831	0.296029	169	0.431953	1.690157	831	0.296029	0.319000	0.356731	
822	0.323601	178	0.556180	1.690157	822	0.323601	0.365000	0.356742	
828	0.338164	172	0.401163	1.690157	828	0.338164	0.349000	0.356732	
836	0.343301	164	0.445122	1.690157	836	0.343301	0.360000	0.356736	
824	0.305825	176	0.607955	1.690157	824	0.305825	0.359000	0.356739	
828	0.344203	172	0.430233	1.690157	828	0.344203	0.359000	0.356742	
815	0.371779	185	0.302703	1.690157	815	0.371779	0.359000	0.356745	
833	0.349340	167	0.485030	1.690157	833	0.349340	0.372000	0.356765	
838	0.350835	162	0.512346	1.690157	838	0.350835	0.377000	0.356792	
826	0.314770	174	0.471264	1.690157	826	0.314770	0.342000	0.356772	
818	0.355746	182	0.527473	1.690157	818	0.355746	0.387000	0.356812	
845	0.330178	155	0.522581	1.690157	845	0.330178	0.360000	0.356816	
834	0.323741	166	0.512048	1.690157	834	0.323741	0.355000	0.356814	
843	0.328588	157	0.573248	1.690157	843	0.328588	0.367000	0.356827	
818	0.361858	182	0.368132	1.690157	818	0.361858	0.363000	0.356835	
831	0.353791	169	0.426036	1.690157	831	0.353791	0.366000	0.356847	
836	0.330144	164	0.548780	1.690157	836	0.330144	0.366000	0.356859	
841	0.319857	159	0.396226	1.690157	841	0.319857	0.332000	0.356826	
823	0.325638	177	0.485876	1.690157	823	0.325638	0.354000	0.356823	
859	0.334109	141	0.567376	1.690157	859	0.334109	0.367000	0.356836	
819	0.333333	181	0.441989	1.690157	819	0.333333	0.353000	0.356831	
835	0.285030	165	0.521212	1.690157	835	0.285030	0.324000	0.356789	
820	0.309756	180	0.444444	1.690157	820	0.309756	0.334000	0.356759	
851	0.331375	149	0.516779	1.690157	851	0.331375	0.359000	0.356762	
830	0.333735	170	0.535294	1.690157	830	0.333735	0.368000	0.356777	
833	0.372149	167	0.520958	1.690157	833	0.372149	0.397000	0.356828	
831	0.336943	169	0.449704	1.690157	831	0.336943	0.356000	0.356827	
851	0.345476	149	0.557047	1.690157	851	0.345476	0.377000	0.356853	
828	0.327295	172	0.558140	1.690157	828	0.327295	0.367000	0.356866	
858	0.349650	142	0.485915	1.690157	858	0.349650	0.369000	0.356881	
833	0.321729	167	0.377246	1.690157	833	0.321729	0.331000	0.356848	
834	0.322542	166	0.445783	1.690157	834	0.322542	0.343000	0.356831	
849	0.339223	151	0.423841	1.690157	849	0.339223	0.352000	0.356825	
830	0.361446	170	0.441176	1.690157	830	0.361446	0.375000	0.356848	
841	0.338882	159	0.534591	1.690157	841	0.338882	0.370000	0.356864	
843	0.351127	157	0.547771	1.690157	843	0.351127	0.382000	0.356896	
840	0.298810	160	0.312500	1.690157	840	0.298810	0.301000	0.356826	
837	0.385902	163	0.453988	1.690157	837	0.385902	0.397000	0.356876	
834	0.368106	166	0.493976	1.690157	834	0.368106	0.389000	0.356917	
822	0.310219	178	0.556180	1.690157	822	0.310219	0.354000	0.356913	
833	0.326531	167	0.461078	1.690157	833	0.326531	0.349000	0.356903	
838	0.322196	162	0.358025	1.690157	838	0.322196	0.328000	0.356867	
828	0.311594	172	0.377907	1.690157	828	0.311594	0.323000	0.356824	
768	0.309896	232	0.517241	1.690157	768	0.309896	0.358000	0.356826	
844	0.350711	156	0.525641	1.690157	844	0.350711	0.378000	0.356852	
858	0.319347	142	0.521127	1.690157	858	0.319347	0.348000	0.356841	
825	0.323636	175	0.537143	1.690157	825	0.323636	0.361000	0.356846	
819	0.327228	181	0.541436	1.690157	819	0.327228	0.366000	0.356858	
816	0.357843	184	0.445652	1.690157	816	0.357843	0.374000	0.356879	
847	0.355372	153	0.483660	1.690157	847	0.355372	0.375000	0.356902	
826	0.319613	174	0.494253	1.690157	826	0.319613	0.350000	0.356893	
816	0.319853	184	0.385870	1.690157	816	0.319853	0.332000	0.356862	
807	0.325898	193	0.409326	1.690157	807	0.325898	0.342000	0.356844	
836	0.324163	164	0.560976	1.690157	836	0.324163	0.363000	0.356851	
828	0.367150	172	0.505814	1.690157	828	0.367150	0.391000	0.356894	
828	0.340580	172	0.511628	1.690157	828	0.340580	0.370000	0.356910	
815	0.339877	185	0.508108	1.690157	815	0.339877	0.371000	0.356927	
825	0.338182	175	0.474286	1.690157	825	0.338182	0.362000	0.356933	
816	0.354167	184	0.478261	1.690157	816	0.354167	0.377000	0.356958	
816	0.311275	184	0.467391	1.690157	816	0.311275	0.340000	0.356937	
813	0.362854	187	0.534759	1.690157	813	0.362854	0.395000	0.356984	
844	0.300948	156	0.435897	1.690157	844	0.300948	0.322000	0.356941	
813	0.341943	187	0.449198	1.690157	813	0.341943	0.362000	0.356947	
814	0.318182	186	0.510753	1.690157	814	0.318182	0.354000	0.356943	
820	0.345122	180	0.561111	1.690157	820	0.345122	0.384000	0.356976	
828	0.353865	172	0.389535	1.690157	828	0.353865	0.360000	0.356980	
833	0.320528	167	0.520958	1.690157	833	0.320528	0.354000	0.356976	
823	0.325638	177	0.429379	1.690157	823	0.325638	0.344000	0.356961	
819	0.344322	181	0.430939	1.690157	819	0.344322	0.360000	0.356964	
811	0.356350	189	0.550265	1.690157	811	0.356350	0.393000	0.357008	
818	0.314181	182	0.565934	1.690157	818	0.314181	0.360000	0.357012	
830	0.333735	170	0.464706	1.690157	830	0.333735	0.356000	0.357010	
816	0.337010	184	0.461957	1.690157	816	0.337010	0.360000	0.357014	
823	0.341434	177	0.553672	1.690157	823	0.341434	0.379000	0.357041	
846	0.366430	154	0.519481	1.690157	846	0.366430	0.390000	0.357080	
811	0.358816	189	0.518519	1.690157	811	0.358816	0.389000	0.357119	
860	0.337209	140	0.542857	1.690157	860	0.337209	0.366000	0.357129	
869	0.350978	131	0.534351	1.690157	869	0.350978	0.375000	0.357151	
825	0.357576	175	0.531429	1.690157	825	0.357576	0.388000	0.357188	
850	0.363529	150	0.433333	1.690157	850	0.363529	0.374000	0.357208	
828	0.330918	172	0.412791	1.690157	828	0.330918	0.345000	0.357193	
845	0.320710	155	0.490323	1.690157	845	0.320710	0.347000	0.357181	
831	0.350181	169	0.431953	1.690157	831	0.350181	0.364000	0.357189	
839	0.312277	161	0.509317	1.690157	839	0.312277	0.344000	0.357173	
819	0.310134	181	0.513812	1.690157	819	0.310134	0.347000	0.357161	
813	0.308733	187	0.508021	1.690157	813	0.308733	0.346000	0.357148	
850	0.328235	150	0.533333	1.690157	850	0.328235	0.359000	0.357150	
824	0.305825	176	0.448864	1.690157	824	0.305825	0.331000	0.357119	
818	0.306846	182	0.571429	1.690157	818	0.306846	0.355000	0.357117	
824	0.311893	176	0.505682	1.690157	824	0.311893	0.346000	0.357104	
835	0.347305	165	0.521212	1.690157	835	0.347305	0.376000	0.357126	
847	0.347107	153	0.464052	1.690157	847	0.347107	0.365000	0.357135	
833	0.330132	167	0.526946	1.690157	833	0.330132	0.363000	0.357142	
837	0.317802	163	0.447853	1.690157	837	0.317802	0.339000	0.357121	
826	0.303874	174	0.540230	1.690157	826	0.303874	0.345000	0.357107	
836	0.321770	164	0.402439	1.690157	836	0.321770	0.335000	0.357081	
844	0.328199	156	0.538462	1.690157	844	0.328199	0.361000	0.357085	
823	0.321993	177	0.502825	1.690157	823	0.321993	0.354000	0.357082	
840	0.346429	160	0.606250	1.690157	840	0.346429	0.388000	0.357118	
824	0.286408	176	0.488636	1.690157	824	0.286408	0.322000	0.357077	
818	0.348411	182	0.406593	1.690157	818	0.348411	0.359000	0.357079	
846	0.339243	154	0.493506	1.690157	846	0.339243	0.363000	0.357086	
844	0.313981	156	0.512821	1.690157	844	0.313981	0.345000	0.357072	
814	0.310811	186	0.440860	1.690157	814	0.310811	0.335000	0.357046	
811	0.344020	189	0.492063	1.690157	811	0.344020	0.372000	0.357063	
846	0.342790	154	0.610390	1.690157	846	0.342790	0.384000	0.357095	
823	0.334143	177	0.525424	1.690157	823	0.334143	0.368000	0.357107	
826	0.319613	174	0.477011	1.690157	826	0.319613	0.347000	0.357096	
828	0.336957	172	0.447674	1.690157	828	0.336957	0.356000	0.357094	
820	0.307317	180	0.538889	1.690157	820	0.307317	0.349000	0.357085	
840	0.307143	160	0.575000	1.690157	840	0.307143	0.350000	0.357077	
805	0.349068	195	0.441026	1.690157	805	0.349068	0.367000	0.357088	
835	0.288623	165	0.575758	1.690157	835	0.288623	0.336000	0.357064	
841	0.334126	159	0.433962	1.690157	841	0.334126	0.350000	0.357056	
805	0.315528	195	0.435897	1.690157	805	0.315528	0.339000	0.357035	
823	0.325638	177	0.474576	1.690157	823	0.325638	0.352000	0.357029	
835	0.335329	165	0.490909	1.690157	835	0.335329	0.361000	0.357034	
839	0.356377	161	0.621118	1.690157	839	0.356377	0.399000	0.357082	
825	0.333333	175	0.462857	1.690157	825	0.333333	0.356000	0.357081	
824	0.304612	176	0.488636	1.690157	824	0.304612	0.337000	0.357058	
822	0.357664	178	0.612360	1.690157	822	0.357664	0.403000	0.357110	
831	0.334537	169	0.473373	1.690157	831	0.334537	0.358000	0.357111	
833	0.295318	167	0.449102	1.690157	833	0.295318	0.321000	0.357070	
831	0.340554	169	0.449704	1.690157	831	0.340554	0.359000	0.357072	
820	0.345122	180	0.494444	1.690157	820	0.345122	0.372000	0.357089	
842	0.326603	158	0.449367	1.690157	842	0.326603	0.346000	0.357077	
824	0.343447	176	0.556818	1.690157	824	0.343447	0.381000	0.357104	
806	0.321340	194	0.427835	1.690157	806	0.321340	0.342000	0.357087	
819	0.340659	181	0.397790	1.690157	819	0.340659	0.351000	0.357080	
818	0.359413	182	0.549451	1.690157	818	0.359413	0.394000	0.357121	
809	0.346106	191	0.497382	1.690157	809	0.346106	0.375000	0.357142	
837	0.345281	163	0.435583	1.690157	837	0.345281	0.360000	0.357145	
827	0.309553	173	0.427746	1.690157	827	0.309553	0.330000	0.357114	
823	0.345079	177	0.497175	1.690157	823	0.345079	0.372000	0.357131	
809	0.317676	191	0.486911	1.690157	809	0.317676	0.350000	0.357123	
807	0.307311	193	0.564767	1.690157	807	0.307311	0.357000	0.357123	
848	0.347877	152	0.546053	1.690157	848	0.347877	0.378000	0.357146	
830	0.349398	170	0.470588	1.690157	830	0.349398	0.370000	0.357161	
858	0.325175	142	0.549296	1.690157	858	0.325175	0.357000	0.357160	
818	0.319071	182	0.532967	1.690157	818	0.319071	0.358000	0.357161	
824	0.325243	176	0.471591	1.690157	824	0.325243	0.351000	0.357155	
852	0.347418	148	0.493243	1.690157	852	0.347418	0.369000	0.357168	
837	0.335723	163	0.625767	1.690157	837	0.335723	0.383000	0.357196	
835	0.344910	165	0.503030	1.690157	835	0.344910	0.371000	0.357212	
813	0.349323	187	0.411765	1.690157	813	0.349323	0.361000	0.357216	
828	0.339372	172	0.563953	1.690157	828	0.339372	0.378000	0.357239	
846	0.319149	154	0.474026	1.690157	846	0.319149	0.343000	0.357223	
843	0.330961	157	0.484076	1.690157	843	0.330961	0.355000	0.357221	
831	0.328520	169	0.437870	1.690157	831	0.328520	0.347000	0.357210	
859	0.332945	141	0.439716	1.690157	859	0.332945	0.348000	0.357199	
818	0.358191	182	0.500000	1.690157	818	0.358191	0.384000	0.357229	
844	0.338863	156	0.519231	1.690157	844	0.338863	0.367000	0.357240	
825	0.328485	175	0.485714	1.690157	825	0.328485	0.356000	0.357238	
844	0.323460	156	0.455128	1.690157	844	0.323460	0.344000	0.357224	
860	0.372093	140	0.421429	1.690157	860	0.372093	0.379000	0.357248	
814	0.339066	186	0.381720	1.690157	814	0.339066	0.347000	0.357236	
823	0.345079	177	0.485876	1.690157	823	0.345079	0.370000	0.357250	
821	0.342266	179	0.497207	1.690157	821	0.342266	0.370000	0.357264	
826	0.324455	174	0.419540	1.690157	826	0.324455	0.341000	0.357247	
840	0.334524	160	0.387500	1.690157	840	0.334524	0.343000	0.357231	
833	0.342137	167	0.467066	1.690157	833	0.342137	0.363000	0.357237	
837	0.347670	163	0.441718	1.690157	837	0.347670	0.363000	0.357244	
838	0.335322	162	0.407407	1.690157	838	0.335322	0.347000	0.357232	
837	0.364397	163	0.503067	1.690157	837	0.364397	0.387000	0.357265	
828	0.341787	172	0.470930	1.690157	828	0.341787	0.364000	0.357272	
836	0.351675	164	0.414634	1.690157	836	0.351675	0.362000	0.357277	
845	0.304142	155	0.619355	1.690157	845	0.304142	0.353000	0.357273	
842	0.346793	158	0.436709	1.690157	842	0.346793	0.361000	0.357277	
830	0.356627	170	0.517647	1.690157	830	0.356627	0.384000	0.357306	
812	0.353448	188	0.574468	1.690157	812	0.353448	0.395000	0.357346	
826	0.314770	174	0.528736	1.690157	826	0.314770	0.352000	0.357340	
850	0.329412	150	0.446667	1.690157	850	0.329412	0.347000	0.357329	
844	0.325829	156	0.564103	1.690157	844	0.325829	0.363000	0.357335	
810	0.374074	190	0.510526	1.690157	810	0.374074	0.400000	0.357381	
822	0.327251	178	0.460674	1.690157	822	0.327251	0.351000	0.357374	
813	0.323493	187	0.604278	1.690157	813	0.323493	0.376000	0.357394	
837	0.329749	163	0.472393	1.690157	837	0.329749	0.353000	0.357390	
830	0.332530	170	0.417647	1.690157	830	0.332530	0.347000	0.357379	
820	0.337805	180	0.533333	1.690157	820	0.337805	0.373000	0.357395	
816	0.316176	184	0.489130	1.690157	816	0.316176	0.348000	0.357385	
831	0.332130	169	0.508876	1.690157	831	0.332130	0.362000	0.357390	
831	0.321300	169	0.502959	1.690157	831	0.321300	0.352000	0.357384	
822	0.273723	178	0.584270	1.690157	822	0.273723	0.329000	0.357354	
811	0.336621	189	0.465608	1.690157	811	0.336621	0.361000	0.357358	
821	0.321559	179	0.486034	1.690157	821	0.321559	0.351000	0.357351	
825	0.363636	175	0.491429	1.690157	825	0.363636	0.386000	0.357382	
828	0.312802	172	0.540698	1.690157	828	0.312802	0.352000	0.357376	
830	0.325301	170	0.482353	1.690157	830	0.325301	0.352000	0.357370	
815	0.334969	185	0.464865	1.690157	815	0.334969	0.359000	0.357372	
809	0.323857	191	0.539267	1.690157	809	0.323857	0.365000	0.357380	
822	0.383212	178	0.432584	1.690157	822	0.383212	0.392000	0.357417	
831	0.363418	169	0.420118	1.690157	831	0.363418	0.373000	0.357433	
834	0.348921	166	0.644578	1.690157	834	0.348921	0.398000	0.357476	
815	0.352147	185	0.545946	1.690157	815	0.352147	0.388000	0.357508	
799	0.290363	201	0.502488	1.690157	799	0.290363	0.333000	0.357482	
831	0.322503	169	0.289941	1.690157	831	0.322503	0.317000	0.357440	
809	0.339926	191	0.465969	1.690157	809	0.339926	0.364000	0.357447	
827	0.316808	173	0.520231	1.690157	827	0.316808	0.352000	0.357441	
840	0.317857	160	0.450000	1.690157	840	0.317857	0.339000	0.357422	
823	0.329283	177	0.621469	1.690157	823	0.329283	0.381000	0.357446	
836	0.312201	164	0.518293	1.690157	836	0.312201	0.346000	0.357434	
797	0.335006	203	0.487685	1.690157	797	0.335006	0.366000	0.357443	
830	0.314458	170	0.594118	1.690157	830	0.314458	0.362000	0.357448	
841	0.338882	159	0.540881	1.690157	841	0.338882	0.371000	0.357462	
819	0.360195	181	0.497238	1.690157	819	0.360195	0.385000	0.357491	
832	0.343750	168	0.476190	1.690157	832	0.343750	0.366000	0.357500	
835	0.360479	165	0.454545	1.690157	835	0.360479	0.376000	0.357519	
818	0.323961	182	0.439560	1.690157	818	0.323961	0.345000	0.357506	
821	0.331303	179	0.491620	1.690157	821	0.331303	0.360000	0.357508	
826	0.331719	174	0.482759	1.690157	826	0.331719	0.358000	0.357509	
854	0.318501	146	0.445205	1.690157	854	0.318501	0.337000	0.357488	
823	0.345079	177	0.468927	1.690157	823	0.345079	0.367000	0.357498	
812	0.347291	188	0.367021	1.690157	812	0.347291	0.351000	0.357491	
835	0.334132	165	0.454545	1.690157	835	0.334132	0.354000	0.357487	
815	0.317791	185	0.459459	1.690157	815	0.317791	0.344000	0.357473	
820	0.353659	180	0.572222	1.690157	820	0.353659	0.393000	0.357510	
837	0.280765	163	0.423313	1.690157	837	0.280765	0.304000	0.357455	
807	0.376704	193	0.487047	1.690157	807	0.376704	0.398000	0.357497	
812	0.328818	188	0.547872	1.690157	812	0.328818	0.370000	0.357509	
827	0.353083	173	0.433526	1.690157	827	0.353083	0.367000	0.357519	
851	0.323149	149	0.496644	1.690157	851	0.323149	0.349000	0.357510	
812	0.333744	188	0.537234	1.690157	812	0.333744	0.372000	0.357525	
836	0.299043	164	0.439024	1.690157	836	0.299043	0.322000	0.357489	
840	0.344048	160	0.450000	1.690157	840	0.344048	0.361000	0.357492	
818	0.305623	182	0.565934	1.690157	818	0.305623	0.353000	0.357488	
848	0.323113	152	0.493421	1.690157	848	0.323113	0.349000	0.357479	
833	0.350540	167	0.437126	1.690157	833	0.350540	0.365000	0.357487	
823	0.343864	177	0.570621	1.690157	823	0.343864	0.384000	0.357514	
832	0.332933	168	0.476190	1.690157	832	0.332933	0.357000	0.357513	
831	0.371841	169	0.437870	1.690157	831	0.371841	0.383000	0.357539	
819	0.327228	181	0.486188	1.690157	819	0.327228	0.356000	0.357538	
831	0.358604	169	0.508876	1.690157	831	0.358604	0.384000	0.357564	
806	0.313896	194	0.371134	1.690157	806	0.313896	0.325000	0.357531	
826	0.338983	174	0.511494	1.690157	826	0.338983	0.369000	0.357543	
808	0.353960	192	0.421875	1.690157	808	0.353960	0.367000	0.357553	
839	0.337306	161	0.422360	1.690157	839	0.337306	0.351000	0.357546	
842	0.332542	158	0.544304	1.690157	842	0.332542	0.366000	0.357555	
818	0.316626	182	0.598901	1.690157	818	0.316626	0.368000	0.357565	
813	0.360394	187	0.491979	1.690157	813	0.360394	0.385000	0.357593	
815	0.331288	185	0.486486	1.690157	815	0.331288	0.360000	0.357595	
807	0.360595	193	0.476684	1.690157	807	0.360595	0.383000	0.357621	
840	0.366667	160	0.331250	1.690157	840	0.366667	0.361000	0.357624	
819	0.336996	181	0.513812	1.690157	819	0.336996	0.369000	0.357635	
831	0.315283	169	0.532544	1.690157	831	0.315283	0.352000	0.357630	
823	0.351154	177	0.497175	1.690157	823	0.351154	0.377000	0.357649	
804	0.366915	196	0.387755	1.690157	804	0.366915	0.371000	0.357662	
842	0.313539	158	0.531646	1.690157	842	0.313539	0.348000	0.357653	
838	0.338902	162	0.506173	1.690157	838	0.338902	0.366000	0.357661	
817	0.357405	183	0.475410	1.690157	817	0.357405	0.379000	0.357682	
829	0.331725	171	0.596491	1.690157	829	0.331725	0.377000	0.357701	
825	0.318788	175	0.531429	1.690157	825	0.318788	0.356000	0.357700	
835	0.294611	165	0.442424	1.690157	835	0.294611	0.319000	0.357661	
823	0.324423	177	0.497175	1.690157	823	0.324423	0.355000	0.357659	
830	0.326506	170	0.523529	1.690157	830	0.326506	0.360000	0.357661	
