Default schedule
Rate	83.33
Tree Move	16.67
Rate Tried	% Accepted	Tree Move Tried	% Accepted	Rates - Dev	Rates - Tried	Rates - Accepted	Sample Ave Acceptance	Total Ave Acceptance	
811	0.345253	189	0.449735	1.822587	811	0.345253	0.365000	0.297791	
822	0.367397	178	0.382022	1.822587	822	0.367397	0.370000	0.303808	
831	0.365824	169	0.378698	1.822587	831	0.365824	0.368000	0.308745	
832	0.344952	168	0.398810	1.822587	832	0.344952	0.354000	0.311978	
827	0.342201	173	0.346821	1.822587	827	0.342201	0.343000	0.314046	
838	0.353222	162	0.432099	1.822587	838	0.353222	0.366000	0.317293	
825	0.361212	175	0.417143	1.822587	825	0.361212	0.371000	0.320452	
821	0.375152	179	0.491620	1.822587	821	0.375152	0.396000	0.324649	
835	0.336527	165	0.327273	1.822587	835	0.336527	0.335000	0.325193	
823	0.318348	177	0.519774	1.822587	823	0.318348	0.354000	0.326634	
839	0.313468	161	0.447205	1.822587	839	0.313468	0.335000	0.327032	
847	0.302243	153	0.450980	1.822587	847	0.302243	0.325000	0.326940	
836	0.344498	164	0.536585	1.822587	836	0.344498	0.376000	0.329073	
844	0.349526	156	0.256410	1.822587	844	0.349526	0.335000	0.329320	
860	0.351163	140	0.407143	1.822587	860	0.351163	0.359000	0.330507	
838	0.371122	162	0.438272	1.822587	838	0.371122	0.382000	0.332487	
825	0.363636	175	0.428571	1.822587	825	0.363636	0.375000	0.334062	
820	0.341463	180	0.400000	1.822587	820	0.341463	0.352000	0.334702	
836	0.362440	164	0.445122	1.822587	836	0.362440	0.376000	0.336126	
838	0.359189	162	0.339506	1.822587	838	0.359189	0.356000	0.336789	
854	0.343091	146	0.513699	1.822587	854	0.343091	0.368000	0.337796	
841	0.332937	159	0.452830	1.822587	841	0.332937	0.352000	0.338239	
843	0.333333	157	0.273885	1.822587	843	0.333333	0.324000	0.337808	
830	0.296386	170	0.558824	1.822587	830	0.296386	0.341000	0.337902	
829	0.337756	171	0.409357	1.822587	829	0.337756	0.350000	0.338247	
858	0.377622	142	0.521127	1.822587	858	0.377622	0.398000	0.339907	
849	0.362780	151	0.410596	1.822587	849	0.362780	0.370000	0.340721	
863	0.337196	137	0.416058	1.822587	863	0.337196	0.348000	0.340912	
836	0.321770	164	0.518293	1.822587	836	0.321770	0.354000	0.341248	
839	0.336114	161	0.509317	1.822587	839	0.336114	0.364000	0.341816	
828	0.355072	172	0.430233	1.822587	828	0.355072	0.368000	0.342455	
820	0.321951	180	0.411111	1.822587	820	0.321951	0.338000	0.342349	
848	0.353774	152	0.375000	1.822587	848	0.353774	0.357000	0.342690	
847	0.338843	153	0.326797	1.822587	847	0.338843	0.337000	0.342560	
815	0.344785	185	0.540541	1.822587	815	0.344785	0.381000	0.343415	
832	0.318510	168	0.398810	1.822587	832	0.318510	0.332000	0.343166	
850	0.344706	150	0.493333	1.822587	850	0.344706	0.367000	0.343674	
815	0.376687	185	0.535135	1.822587	815	0.376687	0.406000	0.344972	
835	0.349701	165	0.533333	1.822587	835	0.349701	0.380000	0.345687	
855	0.318129	145	0.413793	1.822587	855	0.318129	0.332000	0.345413	
859	0.318976	141	0.489362	1.822587	859	0.318976	0.343000	0.345366	
810	0.393827	190	0.484211	1.822587	810	0.393827	0.411000	0.346628	
835	0.360479	165	0.387879	1.822587	835	0.360479	0.365000	0.346975	
837	0.340502	163	0.380368	1.822587	837	0.340502	0.347000	0.346975	
825	0.303030	175	0.365714	1.822587	825	0.303030	0.314000	0.346376	
835	0.337725	165	0.484848	1.822587	835	0.337725	0.362000	0.346655	
834	0.332134	166	0.403614	1.822587	834	0.332134	0.344000	0.346608	
812	0.373153	188	0.446809	1.822587	812	0.373153	0.387000	0.347304	
800	0.317500	200	0.380000	1.822587	800	0.317500	0.330000	0.347011	
802	0.336658	198	0.398990	1.822587	802	0.336658	0.349000	0.347044	
822	0.347932	178	0.252809	1.822587	822	0.347932	0.331000	0.346781	
816	0.370098	184	0.603261	1.822587	816	0.370098	0.413000	0.347849	
823	0.357230	177	0.429379	1.822587	823	0.357230	0.370000	0.348201	
839	0.353993	161	0.503106	1.822587	839	0.353993	0.378000	0.348666	
843	0.360617	157	0.388535	1.822587	843	0.360617	0.365000	0.348918	
863	0.341831	137	0.313869	1.822587	863	0.341831	0.338000	0.348752	
859	0.371362	141	0.581560	1.822587	859	0.371362	0.401000	0.349532	
843	0.347568	157	0.528662	1.822587	843	0.347568	0.376000	0.349921	
812	0.390394	188	0.313830	1.822587	812	0.390394	0.376000	0.350299	
835	0.341317	165	0.490909	1.822587	835	0.341317	0.366000	0.350524	
829	0.353438	171	0.456140	1.822587	829	0.353438	0.371000	0.350812	
847	0.344746	153	0.470588	1.822587	847	0.344746	0.364000	0.350995	
830	0.350602	170	0.470588	1.822587	830	0.350602	0.371000	0.351269	
830	0.340964	170	0.482353	1.822587	830	0.340964	0.365000	0.351455	
808	0.350248	192	0.401042	1.822587	808	0.350248	0.360000	0.351569	
824	0.325243	176	0.431818	1.822587	824	0.325243	0.344000	0.351469	
837	0.344086	163	0.355828	1.822587	837	0.344086	0.346000	0.351398	
834	0.345324	166	0.409639	1.822587	834	0.345324	0.356000	0.351457	
828	0.333333	172	0.377907	1.822587	828	0.333333	0.341000	0.351325	
817	0.350061	183	0.453552	1.822587	817	0.350061	0.369000	0.351546	
836	0.345694	164	0.457317	1.822587	836	0.345694	0.364000	0.351699	
862	0.357309	138	0.442029	1.822587	862	0.357309	0.369000	0.351910	
837	0.351254	163	0.368098	1.822587	837	0.351254	0.354000	0.351936	
852	0.334507	148	0.304054	1.822587	852	0.334507	0.330000	0.351674	
831	0.333333	169	0.337278	1.822587	831	0.333333	0.334000	0.351466	
838	0.392601	162	0.450617	1.822587	838	0.392601	0.402000	0.352054	
853	0.364596	147	0.326531	1.822587	853	0.364596	0.359000	0.352134	
807	0.320942	193	0.362694	1.822587	807	0.320942	0.329000	0.351871	
842	0.330166	158	0.462025	1.822587	842	0.330166	0.351000	0.351861	
821	0.354446	179	0.446927	1.822587	821	0.354446	0.371000	0.352074	
835	0.386826	165	0.278788	1.822587	835	0.386826	0.369000	0.352260	
823	0.336574	177	0.395480	1.822587	823	0.336574	0.347000	0.352203	
822	0.333333	178	0.432584	1.822587	822	0.333333	0.351000	0.352190	
829	0.357057	171	0.391813	1.822587	829	0.357057	0.363000	0.352305	
841	0.374554	159	0.301887	1.822587	841	0.374554	0.363000	0.352417	
834	0.358513	166	0.373494	1.822587	834	0.358513	0.361000	0.352507	
812	0.305419	188	0.500000	1.822587	812	0.305419	0.342000	0.352398	
823	0.385176	177	0.372881	1.822587	823	0.385176	0.383000	0.352711	
815	0.355828	185	0.497297	1.822587	815	0.355828	0.382000	0.353007	
806	0.356079	194	0.293814	1.822587	806	0.356079	0.344000	0.352916	
815	0.323926	185	0.437838	1.822587	815	0.323926	0.345000	0.352838	
846	0.342790	154	0.493506	1.822587	846	0.342790	0.366000	0.352967	
844	0.363744	156	0.525641	1.822587	844	0.363744	0.389000	0.353317	
823	0.348724	177	0.327684	1.822587	823	0.348724	0.345000	0.353237	
822	0.347932	178	0.544944	1.822587	822	0.347932	0.383000	0.353520	
857	0.345391	143	0.475524	1.822587	857	0.345391	0.364000	0.353619	
846	0.326241	154	0.448052	1.822587	846	0.326241	0.345000	0.353539	
850	0.392941	150	0.400000	1.822587	850	0.392941	0.394000	0.353913	
835	0.334132	165	0.387879	1.822587	835	0.334132	0.343000	0.353813	
839	0.332539	161	0.453416	1.822587	839	0.332539	0.352000	0.353797	
847	0.395514	153	0.254902	1.822587	847	0.395514	0.374000	0.353979	
856	0.382009	144	0.458333	1.822587	856	0.382009	0.393000	0.354327	
849	0.349823	151	0.324503	1.822587	849	0.349823	0.346000	0.354254	
831	0.327316	169	0.319527	1.822587	831	0.327316	0.326000	0.354006	
819	0.344322	181	0.314917	1.822587	819	0.344322	0.339000	0.353875	
823	0.363305	177	0.423729	1.822587	823	0.363305	0.374000	0.354049	
819	0.355311	181	0.386740	1.822587	819	0.355311	0.361000	0.354108	
811	0.345253	189	0.412698	1.822587	811	0.345253	0.358000	0.354141	
821	0.365408	179	0.441341	1.822587	821	0.365408	0.379000	0.354350	
826	0.370460	174	0.235632	1.822587	826	0.370460	0.347000	0.354289	
829	0.318456	171	0.286550	1.822587	829	0.318456	0.313000	0.353947	
834	0.386091	166	0.415663	1.822587	834	0.386091	0.391000	0.354251	
825	0.357576	175	0.297143	1.822587	825	0.357576	0.347000	0.354192	
824	0.365291	176	0.443182	1.822587	824	0.365291	0.379000	0.354392	
845	0.362130	155	0.393548	1.822587	845	0.362130	0.367000	0.354493	
834	0.357314	166	0.349398	1.822587	834	0.357314	0.356000	0.354505	
817	0.362301	183	0.426230	1.822587	817	0.362301	0.374000	0.354659	
839	0.349225	161	0.242236	1.822587	839	0.349225	0.332000	0.354482	
836	0.342105	164	0.371951	1.822587	836	0.342105	0.347000	0.354424	
826	0.348668	174	0.528736	1.822587	826	0.348668	0.380000	0.354620	
836	0.339713	164	0.457317	1.822587	836	0.339713	0.359000	0.354654	
835	0.350898	165	0.321212	1.822587	835	0.350898	0.346000	0.354588	
838	0.350835	162	0.358025	1.822587	838	0.350835	0.352000	0.354569	
827	0.373640	173	0.369942	1.822587	827	0.373640	0.373000	0.354706	
842	0.337292	158	0.493671	1.822587	842	0.337292	0.362000	0.354760	
839	0.331347	161	0.416149	1.822587	839	0.331347	0.345000	0.354689	
819	0.344322	181	0.337017	1.822587	819	0.344322	0.343000	0.354603	
838	0.367542	162	0.475309	1.822587	838	0.367542	0.385000	0.354824	
853	0.322392	147	0.360544	1.822587	853	0.322392	0.328000	0.354631	
833	0.345738	167	0.377246	1.822587	833	0.345738	0.351000	0.354605	
834	0.345324	166	0.530120	1.822587	834	0.345324	0.376000	0.354756	
848	0.400943	152	0.388158	1.822587	848	0.400943	0.399000	0.355068	
836	0.181818	164	0.280488	2.797098	836	0.181818	0.198000	0.353970	
825	0.309091	175	0.354286	2.309146	825	0.309091	0.317000	0.353713	
833	0.228091	167	0.425150	2.309146	833	0.228091	0.261000	0.353073	
830	0.262651	170	0.400000	2.309146	830	0.262651	0.286000	0.352614	
831	0.247894	169	0.437870	2.309146	831	0.247894	0.280000	0.352120	
835	0.216766	165	0.448485	2.309146	835	0.216766	0.255000	0.351464	
839	0.258641	161	0.409938	2.309146	839	0.258641	0.283000	0.351004	
833	0.222089	167	0.407186	2.309146	833	0.222089	0.253000	0.350351	
841	0.239001	159	0.245283	2.309146	841	0.239001	0.240000	0.349620	
855	0.250292	145	0.393103	2.309146	855	0.250292	0.271000	0.349103	
856	0.269860	144	0.423611	2.309146	856	0.269860	0.292000	0.348730	
820	0.245122	180	0.455556	2.309146	820	0.245122	0.283000	0.348303	
831	0.245487	169	0.349112	2.309146	831	0.245487	0.263000	0.347753	
821	0.232643	179	0.458101	2.309146	821	0.232643	0.273000	0.347273	
855	0.250292	145	0.358621	2.309146	855	0.250292	0.266000	0.346756	
834	0.266187	166	0.487952	2.309146	834	0.266187	0.303000	0.346479	
831	0.299639	169	0.455621	2.309146	831	0.299639	0.326000	0.346350	
845	0.282840	155	0.251613	2.309146	845	0.282840	0.278000	0.345923	
836	0.277512	164	0.207317	2.309146	836	0.277512	0.266000	0.345426	
832	0.225962	168	0.375000	2.309146	832	0.225962	0.251000	0.344844	
822	0.271290	178	0.275281	2.309146	822	0.271290	0.272000	0.344397	
852	0.245305	148	0.391892	2.309146	852	0.245305	0.267000	0.343925	
836	0.269139	164	0.475610	2.309146	836	0.269139	0.303000	0.343677	
843	0.236062	157	0.312102	2.309146	843	0.236062	0.248000	0.343100	
833	0.273709	167	0.377246	2.309146	833	0.273709	0.291000	0.342788	
849	0.239105	151	0.364238	2.309146	849	0.239105	0.258000	0.342284	
832	0.215144	168	0.273810	2.309146	832	0.215144	0.225000	0.341590	
823	0.245443	177	0.322034	2.309146	823	0.245443	0.259000	0.341104	
856	0.250000	144	0.236111	2.309146	856	0.250000	0.248000	0.340559	
849	0.226148	151	0.384106	2.309146	849	0.226148	0.250000	0.340033	
832	0.222356	168	0.363095	2.309146	832	0.222356	0.246000	0.339489	
855	0.235088	145	0.475862	2.309146	855	0.235088	0.270000	0.339090	
849	0.234393	151	0.271523	2.309146	849	0.234393	0.240000	0.338524	
824	0.275485	176	0.431818	2.309146	824	0.275485	0.303000	0.338322	
840	0.240476	160	0.350000	2.309146	840	0.240476	0.258000	0.337868	
834	0.237410	166	0.463855	2.309146	834	0.237410	0.275000	0.337515	
808	0.248762	192	0.562500	2.309146	808	0.248762	0.309000	0.337356	
829	0.230398	171	0.526316	2.309146	829	0.230398	0.281000	0.337043	
848	0.231132	152	0.539474	2.309146	848	0.231132	0.278000	0.336716	
829	0.231604	171	0.502924	2.309146	829	0.231604	0.278000	0.336394	
859	0.270081	141	0.425532	2.309146	859	0.270081	0.292000	0.336151	
847	0.225502	153	0.405229	2.309146	847	0.225502	0.253000	0.335699	
838	0.258950	162	0.358025	2.309146	838	0.258950	0.275000	0.335371	
854	0.283372	146	0.506849	2.309146	854	0.283372	0.316000	0.335267	
822	0.249392	178	0.376404	2.309146	822	0.249392	0.272000	0.334929	
828	0.240338	172	0.418605	2.309146	828	0.240338	0.271000	0.334589	
836	0.251196	164	0.524390	2.309146	836	0.251196	0.296000	0.334384	
841	0.263971	159	0.433962	2.309146	841	0.263971	0.291000	0.334156	
846	0.209220	154	0.402597	2.309146	846	0.209220	0.239000	0.333658	
832	0.243990	168	0.375000	2.309146	832	0.243990	0.266000	0.333306	
824	0.220874	176	0.340909	2.309146	824	0.220874	0.242000	0.332832	
820	0.279268	180	0.438889	2.309146	820	0.279268	0.308000	0.332704	
835	0.228743	165	0.551515	2.309146	835	0.228743	0.282000	0.332444	
818	0.235941	182	0.505495	2.309146	818	0.235941	0.285000	0.332202	
822	0.222628	178	0.393258	2.309146	822	0.222628	0.253000	0.331800	
834	0.230216	166	0.367470	2.309146	834	0.230216	0.253000	0.331402	
795	0.241509	205	0.443902	2.309146	795	0.241509	0.283000	0.331159	
856	0.258178	144	0.395833	2.309146	856	0.258178	0.278000	0.330893	
819	0.271062	181	0.359116	2.309146	819	0.271062	0.287000	0.330675	
818	0.255501	182	0.384615	2.309146	818	0.255501	0.279000	0.330419	
846	0.252955	154	0.389610	2.309146	846	0.252955	0.274000	0.330141	
841	0.219976	159	0.333333	2.309146	841	0.219976	0.238000	0.329690	
829	0.242461	171	0.415205	2.309146	829	0.242461	0.272000	0.329408	
842	0.290974	158	0.417722	2.309146	842	0.290974	0.311000	0.329319	
834	0.233813	166	0.403614	2.309146	834	0.233813	0.262000	0.328994	
803	0.256538	197	0.421320	2.309146	803	0.256538	0.289000	0.328801	
817	0.237454	183	0.568306	2.309146	817	0.237454	0.298000	0.328654	
823	0.268530	177	0.468927	2.309146	823	0.268530	0.304000	0.328537	
837	0.298686	163	0.306748	2.309146	837	0.298686	0.300000	0.328401	
845	0.254438	155	0.380645	2.309146	845	0.254438	0.274000	0.328145	
838	0.210024	162	0.333333	2.309146	838	0.210024	0.230000	0.327684	
853	0.232122	147	0.496599	2.309146	853	0.232122	0.271000	0.327419	
833	0.285714	167	0.467066	2.309146	833	0.285714	0.316000	0.327366	
828	0.222222	172	0.459302	2.309146	828	0.222222	0.263000	0.327068	
831	0.231047	169	0.437870	2.309146	831	0.231047	0.266000	0.326787	
842	0.267221	158	0.544304	2.309146	842	0.267221	0.311000	0.326714	
836	0.257177	164	0.353659	2.309146	836	0.257177	0.273000	0.326469	
840	0.280952	160	0.468750	2.309146	840	0.280952	0.311000	0.326399	
834	0.272182	166	0.343373	2.309146	834	0.272182	0.284000	0.326207	
832	0.243990	168	0.327381	2.309146	832	0.243990	0.258000	0.325899	
843	0.260973	157	0.388535	2.309146	843	0.260973	0.281000	0.325698	
850	0.187059	150	0.413333	2.309146	850	0.187059	0.221000	0.325231	
816	0.487745	184	0.380435	1.341559	816	0.487745	0.468000	0.325865	
828	0.280193	172	0.453488	2.241176	828	0.280193	0.310000	0.325795	
826	0.273608	174	0.333333	2.241176	826	0.273608	0.284000	0.325611	
845	0.300592	155	0.464516	2.241176	845	0.300592	0.326000	0.325613	
843	0.223013	157	0.324841	2.241176	843	0.223013	0.239000	0.325234	
842	0.256532	158	0.297468	2.241176	842	0.256532	0.263000	0.324964	
831	0.245487	169	0.360947	2.241176	831	0.245487	0.265000	0.324704	
846	0.265957	154	0.500000	2.241176	846	0.265957	0.302000	0.324606	
840	0.266667	160	0.381250	2.241176	840	0.266667	0.285000	0.324436	
844	0.247630	156	0.429487	2.241176	844	0.247630	0.276000	0.324229	
835	0.259880	165	0.357576	2.241176	835	0.259880	0.276000	0.324024	
839	0.269368	161	0.366460	2.241176	839	0.269368	0.285000	0.323859	
819	0.233211	181	0.364641	2.241176	819	0.233211	0.257000	0.323577	
830	0.271084	170	0.317647	2.241176	830	0.271084	0.279000	0.323389	
834	0.248201	166	0.433735	2.241176	834	0.248201	0.279000	0.323204	
850	0.255294	150	0.366667	2.241176	850	0.255294	0.272000	0.322990	
823	0.294046	177	0.418079	2.241176	823	0.294046	0.316000	0.322961	
831	0.234657	169	0.372781	2.241176	831	0.234657	0.258000	0.322693	
815	0.241718	185	0.378378	2.241176	815	0.241718	0.267000	0.322464	
838	0.220764	162	0.456790	2.241176	838	0.220764	0.259000	0.322204	
819	0.267399	181	0.425414	2.241176	819	0.267399	0.296000	0.322097	
812	0.259852	188	0.335106	2.241176	812	0.259852	0.274000	0.321901	
840	0.240476	160	0.468750	2.241176	840	0.240476	0.277000	0.321719	
833	0.224490	167	0.455090	2.241176	833	0.224490	0.263000	0.321483	
809	0.275649	191	0.403141	2.241176	809	0.275649	0.300000	0.321396	
833	0.297719	167	0.329341	2.241176	833	0.297719	0.303000	0.321323	
819	0.252747	181	0.348066	2.241176	819	0.252747	0.270000	0.321118	
833	0.232893	167	0.413174	2.241176	833	0.232893	0.263000	0.320888	
837	0.264038	163	0.355828	2.241176	837	0.264038	0.279000	0.320722	
843	0.262159	157	0.420382	2.241176	843	0.262159	0.287000	0.320589	
832	0.295673	168	0.357143	2.241176	832	0.295673	0.306000	0.320532	
826	0.266344	174	0.425287	2.241176	826	0.266344	0.294000	0.320428	
816	0.278186	184	0.369565	2.241176	816	0.278186	0.295000	0.320329	
827	0.273277	173	0.421965	2.241176	827	0.273277	0.299000	0.320247	
847	0.271547	153	0.457516	2.241176	847	0.271547	0.300000	0.320169	
821	0.272838	179	0.379888	2.241176	821	0.272838	0.292000	0.320060	
799	0.247810	201	0.482587	2.241176	799	0.247810	0.295000	0.319964	
847	0.232586	153	0.385621	2.241176	847	0.232586	0.256000	0.319720	
849	0.261484	151	0.456954	2.241176	849	0.261484	0.291000	0.319611	
821	0.258222	179	0.368715	2.241176	821	0.258222	0.278000	0.319453	
826	0.255448	174	0.310345	2.241176	826	0.255448	0.265000	0.319248	
857	0.245041	143	0.384615	2.241176	857	0.245041	0.265000	0.319044	
825	0.263030	175	0.480000	2.241176	825	0.263030	0.301000	0.318976	
830	0.283133	170	0.400000	2.241176	830	0.283133	0.303000	0.318917	
812	0.296798	188	0.404255	2.241176	812	0.296798	0.317000	0.318910	
819	0.269841	181	0.436464	2.241176	819	0.269841	0.300000	0.318840	
809	0.276885	191	0.439791	2.241176	809	0.276885	0.308000	0.318800	
836	0.266746	164	0.451220	2.241176	836	0.266746	0.297000	0.318719	
825	0.241212	175	0.445714	2.241176	825	0.241212	0.277000	0.318567	
848	0.260613	152	0.440789	2.241176	848	0.260613	0.288000	0.318455	
852	0.273474	148	0.310811	2.241176	852	0.273474	0.279000	0.318312	
861	0.247387	139	0.402878	2.241176	861	0.247387	0.269000	0.318133	
814	0.265356	186	0.456989	2.241176	814	0.265356	0.301000	0.318071	
836	0.261962	164	0.512195	2.241176	836	0.261962	0.303000	0.318017	
819	0.251526	181	0.430939	2.241176	819	0.251526	0.284000	0.317895	
831	0.274368	169	0.378698	2.241176	831	0.274368	0.292000	0.317802	
823	0.274605	177	0.350282	2.241176	823	0.274605	0.288000	0.317696	
827	0.229746	173	0.427746	2.241176	827	0.229746	0.264000	0.317506	
817	0.263158	183	0.448087	2.241176	817	0.263158	0.297000	0.317434	
824	0.240291	176	0.369318	2.241176	824	0.240291	0.263000	0.317242	
844	0.280806	156	0.352564	2.241176	844	0.280806	0.292000	0.317153	
841	0.258026	159	0.503145	2.241176	841	0.258026	0.297000	0.317083	
814	0.243243	186	0.338710	2.241176	814	0.243243	0.261000	0.316887	
831	0.255114	169	0.431953	2.241176	831	0.255114	0.285000	0.316777	
850	0.276471	150	0.533333	2.241176	850	0.276471	0.315000	0.316771	
825	0.256970	175	0.451429	2.241176	825	0.256970	0.291000	0.316682	
844	0.223934	156	0.352564	2.241176	844	0.223934	0.244000	0.316432	
811	0.281134	189	0.386243	2.241176	811	0.281134	0.301000	0.316379	
833	0.236495	167	0.431138	2.241176	833	0.236495	0.269000	0.316217	
876	0.238584	124	0.395161	2.241176	876	0.238584	0.258000	0.316019	
831	0.268351	169	0.491124	2.241176	831	0.268351	0.306000	0.315985	
816	0.262255	184	0.456522	2.241176	816	0.262255	0.298000	0.315925	
815	0.272393	185	0.475676	2.241176	815	0.272393	0.310000	0.315905	
858	0.293706	142	0.450704	2.241176	858	0.293706	0.316000	0.315905	
847	0.269185	153	0.424837	2.241176	847	0.269185	0.293000	0.315828	
823	0.280680	177	0.485876	2.241176	823	0.280680	0.317000	0.315832	
843	0.306050	157	0.331210	2.241176	843	0.306050	0.310000	0.315813	
837	0.249701	163	0.300613	2.241176	837	0.249701	0.258000	0.315621	
837	0.279570	163	0.392638	2.241176	837	0.279570	0.298000	0.315563	
797	0.271016	203	0.428571	2.241176	797	0.271016	0.303000	0.315522	
812	0.269704	188	0.398936	2.241176	812	0.269704	0.294000	0.315451	
820	0.235366	180	0.522222	2.241176	820	0.235366	0.287000	0.315358	
827	0.255139	173	0.375723	2.241176	827	0.255139	0.276000	0.315230	
841	0.267539	159	0.547170	2.241176	841	0.267539	0.312000	0.315220	
821	0.281364	179	0.413408	2.241176	821	0.281364	0.305000	0.315187	
839	0.237187	161	0.422360	2.241176	839	0.237187	0.267000	0.315031	
829	0.271411	171	0.450292	2.241176	829	0.271411	0.302000	0.314989	
812	0.304187	188	0.377660	2.241176	812	0.304187	0.318000	0.314999	
839	0.249106	161	0.434783	2.241176	839	0.249106	0.279000	0.314884	
846	0.270686	154	0.454545	2.241176	846	0.270686	0.299000	0.314833	
851	0.301998	149	0.362416	2.241176	851	0.301998	0.311000	0.314821	
828	0.275362	172	0.436047	2.241176	828	0.275362	0.303000	0.314784	
846	0.244681	154	0.383117	2.241176	846	0.244681	0.266000	0.314630	
864	0.261574	136	0.411765	2.241176	864	0.261574	0.282000	0.314527	
873	0.300115	127	0.456693	2.241176	873	0.300115	0.320000	0.314544	
818	0.262836	182	0.406593	2.241176	818	0.262836	0.289000	0.314465	
839	0.256257	161	0.428571	2.241176	839	0.256257	0.284000	0.314370	
814	0.250614	186	0.440860	2.241176	814	0.250614	0.286000	0.314282	
854	0.289227	146	0.417808	2.241176	854	0.289227	0.308000	0.314262	
811	0.240444	189	0.391534	2.241176	811	0.240444	0.269000	0.314122	
851	0.289072	149	0.436242	2.241176	851	0.289072	0.311000	0.314113	
828	0.286232	172	0.395349	2.241176	828	0.286232	0.305000	0.314085	
840	0.241667	160	0.418750	2.241176	840	0.241667	0.270000	0.313950	
831	0.257521	169	0.508876	2.241176	831	0.257521	0.300000	0.313908	
842	0.271971	158	0.417722	2.241176	842	0.271971	0.295000	0.313850	
813	0.248462	187	0.427807	2.241176	813	0.248462	0.282000	0.313754	
818	0.264059	182	0.351648	2.241176	818	0.264059	0.280000	0.313652	
857	0.243874	143	0.377622	2.241176	857	0.243874	0.263000	0.313499	
812	0.256158	188	0.393617	2.241176	812	0.256158	0.282000	0.313404	
831	0.300842	169	0.366864	2.241176	831	0.300842	0.312000	0.313400	
852	0.273474	148	0.500000	2.241176	852	0.273474	0.307000	0.313381	
867	0.291811	133	0.458647	2.241176	867	0.291811	0.314000	0.313383	
813	0.276753	187	0.443850	2.241176	813	0.276753	0.308000	0.313367	
828	0.274155	172	0.360465	2.241176	828	0.274155	0.289000	0.313295	
833	0.244898	167	0.413174	2.241176	833	0.244898	0.273000	0.313176	
822	0.211679	178	0.348315	2.241176	822	0.211679	0.236000	0.312949	
823	0.249089	177	0.305085	2.241176	823	0.249089	0.259000	0.312791	
827	0.267231	173	0.352601	2.241176	827	0.267231	0.282000	0.312701	
814	0.270270	186	0.354839	2.241176	814	0.270270	0.286000	0.312623	
838	0.256563	162	0.425926	2.241176	838	0.256563	0.284000	0.312540	
875	0.248000	125	0.360000	2.241176	875	0.248000	0.262000	0.312393	
870	0.281609	130	0.346154	2.241176	870	0.281609	0.290000	0.312329	
850	0.256471	150	0.266667	2.241176	850	0.256471	0.258000	0.312172	
830	0.277108	170	0.352941	2.241176	830	0.277108	0.290000	0.312108	
833	0.271309	167	0.389222	2.241176	833	0.271309	0.291000	0.312048	
836	0.218900	164	0.432927	2.241176	836	0.218900	0.254000	0.311882	
829	0.242461	171	0.403509	2.241176	829	0.242461	0.270000	0.311763	
864	0.300926	136	0.294118	2.241176	864	0.300926	0.300000	0.311729	
812	0.230296	188	0.542553	2.241176	812	0.230296	0.289000	0.311665	
806	0.299007	194	0.474227	2.241176	806	0.299007	0.333000	0.311725	
812	0.221675	188	0.462766	2.241176	812	0.221675	0.267000	0.311599	
825	0.265455	175	0.331429	2.241176	825	0.265455	0.277000	0.311502	
843	0.265718	157	0.439490	2.241176	843	0.265718	0.293000	0.311450	
830	0.269880	170	0.452941	2.241176	830	0.269880	0.301000	0.311421	
806	0.266749	194	0.422680	2.241176	806	0.266749	0.297000	0.311381	
851	0.265570	149	0.362416	2.241176	851	0.265570	0.280000	0.311294	
822	0.240876	178	0.477528	2.241176	822	0.240876	0.283000	0.311215	
848	0.215802	152	0.348684	2.241176	848	0.215802	0.236000	0.311007	
822	0.287105	178	0.325843	2.241176	822	0.287105	0.294000	0.310961	
818	0.260391	182	0.390110	2.241176	818	0.260391	0.284000	0.310887	
820	0.243902	180	0.427778	2.241176	820	0.243902	0.277000	0.310794	
820	0.264634	180	0.466667	2.241176	820	0.264634	0.301000	0.310767	
813	0.258303	187	0.406417	2.241176	813	0.258303	0.286000	0.310699	
816	0.283088	184	0.407609	2.241176	816	0.283088	0.306000	0.310687	
856	0.265187	144	0.326389	2.241176	856	0.265187	0.274000	0.310587	
836	0.259569	164	0.304878	2.241176	836	0.259569	0.267000	0.310469	
839	0.230036	161	0.559006	2.241176	839	0.230036	0.283000	0.310395	
853	0.288394	147	0.387755	2.241176	853	0.288394	0.303000	0.310376	
829	0.281062	171	0.421053	2.241176	829	0.281062	0.305000	0.310361	
823	0.267315	177	0.378531	2.241176	823	0.267315	0.287000	0.310299	
849	0.248528	151	0.357616	2.241176	849	0.248528	0.265000	0.310178	
832	0.239183	168	0.470238	2.241176	832	0.239183	0.278000	0.310092	
819	0.278388	181	0.397790	2.241176	819	0.278388	0.300000	0.310065	
854	0.264637	146	0.500000	2.241176	854	0.264637	0.299000	0.310036	
824	0.291262	176	0.420455	2.241176	824	0.291262	0.314000	0.310047	
839	0.235995	161	0.428571	2.241176	839	0.235995	0.267000	0.309933	
837	0.241338	163	0.503067	2.241176	837	0.241338	0.284000	0.309865	
842	0.252969	158	0.284810	2.241176	842	0.252969	0.258000	0.309730	
840	0.269048	160	0.487500	2.241176	840	0.269048	0.304000	0.309715	
857	0.267211	143	0.384615	2.241176	857	0.267211	0.284000	0.309648	
839	0.283671	161	0.422360	2.241176	839	0.283671	0.306000	0.309638	
839	0.286055	161	0.484472	2.241176	839	0.286055	0.318000	0.309660	
843	0.277580	157	0.343949	2.241176	843	0.277580	0.288000	0.309604	
846	0.257683	154	0.409091	2.241176	846	0.257683	0.281000	0.309530	
831	0.252708	169	0.396450	2.241176	831	0.252708	0.277000	0.309447	
793	0.224464	207	0.502415	2.241176	793	0.224464	0.282000	0.309376	
809	0.238566	191	0.408377	2.241176	809	0.238566	0.271000	0.309278	
839	0.258641	161	0.397516	2.241176	839	0.258641	0.281000	0.309206	
859	0.293364	141	0.375887	2.241176	859	0.293364	0.305000	0.309195	
861	0.276423	139	0.208633	2.241176	861	0.276423	0.267000	0.309088	
819	0.247863	181	0.502762	2.241176	819	0.247863	0.294000	0.309050	
867	0.250288	133	0.383459	2.241176	867	0.250288	0.268000	0.308946	
865	0.249711	135	0.555556	2.241176	865	0.249711	0.291000	0.308901	
838	0.231504	162	0.512346	2.241176	838	0.231504	0.277000	0.308821	
839	0.257449	161	0.422360	2.241176	839	0.257449	0.284000	0.308759	
850	0.242353	150	0.300000	2.241176	850	0.242353	0.251000	0.308614	
822	0.244526	178	0.432584	2.241176	822	0.244526	0.278000	0.308538	
806	0.264268	194	0.443299	2.241176	806	0.264268	0.299000	0.308514	
839	0.274136	161	0.248447	2.241176	839	0.274136	0.270000	0.308419	
820	0.231707	180	0.416667	2.241176	820	0.231707	0.265000	0.308311	
829	0.258142	171	0.514620	2.241176	829	0.258142	0.302000	0.308296	
835	0.215569	165	0.430303	2.241176	835	0.215569	0.251000	0.308154	
825	0.221818	175	0.428571	2.241176	825	0.221818	0.258000	0.308031	
830	0.224096	170	0.405882	2.241176	830	0.224096	0.255000	0.307901	
832	0.215144	168	0.285714	2.241176	832	0.215144	0.227000	0.307703	
838	0.268496	162	0.327160	2.241176	838	0.268496	0.278000	0.307631	
818	0.255501	182	0.401099	2.241176	818	0.255501	0.282000	0.307569	
806	0.260546	194	0.386598	2.241176	806	0.260546	0.285000	0.307514	
816	0.262255	184	0.375000	2.241176	816	0.262255	0.283000	0.307454	
854	0.263466	146	0.273973	2.241176	854	0.263466	0.265000	0.307352	
830	0.255422	170	0.458824	2.241176	830	0.255422	0.290000	0.307310	
824	0.229369	176	0.386364	2.241176	824	0.229369	0.257000	0.307189	
837	0.249701	163	0.423313	2.241176	837	0.249701	0.278000	0.307119	
840	0.264286	160	0.412500	2.241176	840	0.264286	0.288000	0.307073	
844	0.254739	156	0.557692	2.241176	844	0.254739	0.302000	0.307061	
836	0.264354	164	0.445122	2.241176	836	0.264354	0.294000	0.307030	
831	0.269555	169	0.520710	2.241176	831	0.269555	0.312000	0.307042	
846	0.237589	154	0.454545	2.241176	846	0.237589	0.271000	0.306957	
851	0.276146	149	0.402685	2.241176	851	0.276146	0.295000	0.306928	
835	0.267066	165	0.436364	2.241176	835	0.267066	0.295000	0.306900	
860	0.279070	140	0.342857	2.241176	860	0.279070	0.288000	0.306856	
832	0.282452	168	0.321429	2.241176	832	0.282452	0.289000	0.306814	
815	0.276074	185	0.362162	2.241176	815	0.276074	0.292000	0.306779	
823	0.260024	177	0.401130	2.241176	823	0.260024	0.285000	0.306728	
815	0.290798	185	0.183784	2.241176	815	0.290798	0.271000	0.306645	
853	0.273154	147	0.469388	2.241176	853	0.273154	0.302000	0.306634	
831	0.255114	169	0.414201	2.241176	831	0.255114	0.282000	0.306577	
840	0.276190	160	0.443750	2.241176	840	0.276190	0.303000	0.306569	
829	0.240048	171	0.333333	2.241176	829	0.240048	0.256000	0.306452	
836	0.276316	164	0.378049	2.241176	836	0.276316	0.293000	0.306421	
847	0.263282	153	0.392157	2.241176	847	0.263282	0.283000	0.306367	
830	0.254217	170	0.447059	2.241176	830	0.254217	0.287000	0.306323	
862	0.262181	138	0.507246	2.241176	862	0.262181	0.296000	0.306299	
835	0.271856	165	0.484848	2.241176	835	0.271856	0.307000	0.306301	
837	0.232975	163	0.466258	2.241176	837	0.232975	0.271000	0.306220	
856	0.253505	144	0.368056	2.241176	856	0.253505	0.270000	0.306138	
828	0.271739	172	0.331395	2.241176	828	0.271739	0.282000	0.306083	
824	0.275485	176	0.255682	2.241176	824	0.275485	0.272000	0.306006	
832	0.271635	168	0.392857	2.241176	832	0.271635	0.292000	0.305974	
842	0.226841	158	0.443038	2.241176	842	0.226841	0.261000	0.305873	
838	0.245823	162	0.413580	2.241176	838	0.245823	0.273000	0.305799	
828	0.280193	172	0.418605	2.241176	828	0.280193	0.304000	0.305795	
845	0.268639	155	0.212903	2.241176	845	0.268639	0.260000	0.305693	
840	0.270238	160	0.193750	2.241176	840	0.270238	0.258000	0.305586	
819	0.288156	181	0.408840	2.241176	819	0.288156	0.310000	0.305596	
843	0.250297	157	0.318471	2.241176	843	0.250297	0.261000	0.305497	
854	0.228337	146	0.349315	2.241176	854	0.228337	0.246000	0.305365	
847	0.298701	153	0.424837	2.241176	847	0.298701	0.318000	0.305393	
858	0.297203	142	0.436620	2.241176	858	0.297203	0.317000	0.305419	
824	0.264563	176	0.431818	2.241176	824	0.264563	0.294000	0.305394	
833	0.234094	167	0.508982	2.241176	833	0.234094	0.280000	0.305338	
860	0.244186	140	0.250000	2.241176	860	0.244186	0.245000	0.305205	
835	0.302994	165	0.284848	2.241176	835	0.302994	0.300000	0.305194	
854	0.269321	146	0.328767	2.241176	854	0.269321	0.278000	0.305135	
848	0.238208	152	0.427632	2.241176	848	0.238208	0.267000	0.305052	
839	0.262217	161	0.347826	2.241176	839	0.262217	0.276000	0.304988	
846	0.252955	154	0.487013	2.241176	846	0.252955	0.289000	0.304954	
843	0.258600	157	0.375796	2.241176	843	0.258600	0.277000	0.304893	
849	0.286219	151	0.264901	2.241176	849	0.286219	0.283000	0.304846	
811	0.233046	189	0.439153	2.241176	811	0.233046	0.272000	0.304775	
827	0.246675	173	0.427746	2.241176	827	0.246675	0.278000	0.304718	
846	0.257683	154	0.389610	2.241176	846	0.257683	0.278000	0.304660	
813	0.271833	187	0.342246	2.241176	813	0.271833	0.285000	0.304618	
839	0.244338	161	0.298137	2.241176	839	0.244338	0.253000	0.304508	
863	0.273465	137	0.226277	2.241176	863	0.273465	0.267000	0.304428	
841	0.278240	159	0.415094	2.241176	841	0.278240	0.300000	0.304419	
829	0.288299	171	0.374269	2.241176	829	0.288299	0.303000	0.304415	
814	0.243243	186	0.344086	2.241176	814	0.243243	0.262000	0.304326	
819	0.268620	181	0.320442	2.241176	819	0.268620	0.278000	0.304270	
837	0.259259	163	0.447853	2.241176	837	0.259259	0.290000	0.304240	
829	0.283474	171	0.380117	2.241176	829	0.283474	0.300000	0.304231	
838	0.274463	162	0.376543	2.241176	838	0.274463	0.291000	0.304203	
847	0.269185	153	0.294118	2.241176	847	0.269185	0.273000	0.304138	
835	0.257485	165	0.424242	2.241176	835	0.257485	0.285000	0.304098	
830	0.298795	170	0.435294	2.241176	830	0.298795	0.322000	0.304135	
810	0.261728	190	0.352632	2.241176	810	0.261728	0.279000	0.304083	
824	0.282767	176	0.534091	2.241176	824	0.282767	0.327000	0.304130	
838	0.242243	162	0.413580	2.241176	838	0.242243	0.270000	0.304060	
806	0.297767	194	0.288660	2.241176	806	0.297767	0.296000	0.304043	
850	0.251765	150	0.320000	2.241176	850	0.251765	0.262000	0.303956	
835	0.252695	165	0.412121	2.241176	835	0.252695	0.279000	0.303905	
808	0.298267	192	0.223958	2.241176	808	0.298267	0.284000	0.303864	
817	0.254590	183	0.442623	2.241176	817	0.254590	0.289000	0.303833	
857	0.261377	143	0.412587	2.241176	857	0.261377	0.283000	0.303790	
836	0.226077	164	0.371951	2.241176	836	0.226077	0.250000	0.303680	
831	0.267148	169	0.420118	2.241176	831	0.267148	0.293000	0.303659	
843	0.289442	157	0.343949	2.241176	843	0.289442	0.298000	0.303647	
844	0.244076	156	0.429487	2.241176	844	0.244076	0.273000	0.303585	
834	0.270983	166	0.500000	2.241176	834	0.270983	0.309000	0.303596	
827	0.264813	173	0.404624	2.241176	827	0.264813	0.289000	0.303566	
840	0.240476	160	0.425000	2.241176	840	0.240476	0.270000	0.303498	
837	0.229391	163	0.294479	2.241176	837	0.229391	0.240000	0.303370	
842	0.262470	158	0.462025	2.241176	842	0.262470	0.294000	0.303352	
844	0.240521	156	0.384615	2.241176	844	0.240521	0.263000	0.303270	
830	0.232530	170	0.470588	2.241176	830	0.232530	0.273000	0.303210	
819	0.277167	181	0.342541	2.241176	819	0.277167	0.289000	0.303181	
811	0.260173	189	0.359788	2.241176	811	0.260173	0.279000	0.303133	
826	0.283293	174	0.321839	2.241176	826	0.283293	0.290000	0.303107	
820	0.279268	180	0.316667	2.241176	820	0.279268	0.286000	0.303073	
836	0.281100	164	0.298780	2.241176	836	0.281100	0.284000	0.303035	
814	0.255528	186	0.365591	2.241176	814	0.255528	0.276000	0.302982	
833	0.256903	167	0.437126	2.241176	833	0.256903	0.287000	0.302950	
825	0.241212	175	0.451429	2.241176	825	0.241212	0.278000	0.302901	
825	0.288485	175	0.320000	2.241176	825	0.288485	0.294000	0.302883	
848	0.295991	152	0.401316	2.241176	848	0.295991	0.312000	0.302901	
854	0.230679	146	0.315068	2.241176	854	0.230679	0.243000	0.302784	
838	0.233890	162	0.376543	2.241176	838	0.233890	0.257000	0.302694	
823	0.241798	177	0.570621	2.241176	823	0.241798	0.300000	0.302689	
831	0.279182	169	0.420118	2.241176	831	0.279182	0.303000	0.302689	
823	0.275820	177	0.214689	2.241176	823	0.275820	0.265000	0.302616	
822	0.270073	178	0.393258	2.241176	822	0.270073	0.292000	0.302596	
850	0.268235	150	0.406667	2.241176	850	0.268235	0.289000	0.302569	
853	0.266120	147	0.394558	2.241176	853	0.266120	0.285000	0.302535	
857	0.226371	143	0.328671	2.241176	857	0.226371	0.241000	0.302416	
849	0.259128	151	0.443709	2.241176	849	0.259128	0.287000	0.302387	
837	0.252091	163	0.460123	2.241176	837	0.252091	0.286000	0.302355	
838	0.299523	162	0.382716	2.241176	838	0.299523	0.313000	0.302376	
825	0.264242	175	0.445714	2.241176	825	0.264242	0.296000	0.302363	
830	0.265060	170	0.429412	2.241176	830	0.265060	0.293000	0.302346	
828	0.253623	172	0.517442	2.241176	828	0.253623	0.299000	0.302339	
853	0.261430	147	0.401361	2.241176	853	0.261430	0.282000	0.302300	
846	0.250591	154	0.454545	2.241176	846	0.250591	0.282000	0.302262	
834	0.238609	166	0.427711	2.241176	834	0.238609	0.270000	0.302201	
850	0.240000	150	0.333333	2.241176	850	0.240000	0.254000	0.302109	
849	0.279152	151	0.490066	2.241176	849	0.279152	0.311000	0.302126	
804	0.250000	196	0.382653	2.241176	804	0.250000	0.276000	0.302077	
811	0.250308	189	0.386243	2.241176	811	0.250308	0.276000	0.302028	
822	0.255474	178	0.410112	2.241176	822	0.255474	0.283000	0.301992	
829	0.250905	171	0.444444	2.241176	829	0.250905	0.284000	0.301958	
815	0.239264	185	0.432432	2.241176	815	0.239264	0.275000	0.301908	
812	0.251232	188	0.462766	2.241176	812	0.251232	0.291000	0.301887	
826	0.257869	174	0.327586	2.241176	826	0.257869	0.270000	0.301828	
825	0.280000	175	0.382857	2.241176	825	0.280000	0.298000	0.301821	
847	0.260921	153	0.339869	2.241176	847	0.260921	0.273000	0.301767	
815	0.245399	185	0.378378	2.241176	815	0.245399	0.270000	0.301708	
815	0.278528	185	0.329730	2.241176	815	0.278528	0.288000	0.301683	
859	0.263097	141	0.482270	2.241176	859	0.263097	0.294000	0.301669	
842	0.255344	158	0.316456	2.241176	842	0.255344	0.265000	0.301601	
843	0.265718	157	0.388535	2.241176	843	0.265718	0.285000	0.301570	
841	0.260404	159	0.358491	2.241176	841	0.260404	0.276000	0.301523	
853	0.249707	147	0.414966	2.241176	853	0.249707	0.274000	0.301473	
844	0.248815	156	0.416667	2.241176	844	0.248815	0.275000	0.301424	
832	0.283654	168	0.458333	2.241176	832	0.283654	0.313000	0.301446	
798	0.234336	202	0.346535	2.241176	798	0.234336	0.257000	0.301364	
823	0.260024	177	0.384181	2.241176	823	0.260024	0.282000	0.301329	
845	0.239053	155	0.470968	2.241176	845	0.239053	0.275000	0.301281	
847	0.224321	153	0.326797	2.241176	847	0.224321	0.240000	0.301170	
880	0.256818	120	0.450000	2.241176	880	0.256818	0.280000	0.301132	
834	0.327338	166	0.367470	2.241176	834	0.327338	0.334000	0.301191	
814	0.281327	186	0.381720	2.241176	814	0.281327	0.300000	0.301189	
821	0.266748	179	0.284916	2.241176	821	0.266748	0.270000	0.301133	
818	0.277506	182	0.494505	2.241176	818	0.277506	0.317000	0.301161	
851	0.236193	149	0.429530	2.241176	851	0.236193	0.265000	0.301096	
842	0.289786	158	0.544304	2.241176	842	0.289786	0.330000	0.301148	
834	0.258993	166	0.379518	2.241176	834	0.258993	0.279000	0.301109	
838	0.231504	162	0.419753	2.241176	838	0.231504	0.262000	0.301039	
839	0.281287	161	0.434783	2.241176	839	0.281287	0.306000	0.301048	
838	0.273270	162	0.462963	2.241176	838	0.273270	0.304000	0.301053	
851	0.277321	149	0.322148	2.241176	851	0.277321	0.284000	0.301023	
816	0.253676	184	0.543478	2.241176	816	0.253676	0.307000	0.301033	
850	0.256471	150	0.393333	2.241176	850	0.256471	0.277000	0.300991	
811	0.246609	189	0.386243	2.241176	811	0.246609	0.273000	0.300941	
822	0.291971	178	0.382022	2.241176	822	0.291971	0.308000	0.300954	
823	0.213852	177	0.288136	2.241176	823	0.213852	0.227000	0.300823	
824	0.271845	176	0.437500	2.241176	824	0.271845	0.301000	0.300824	
844	0.291469	156	0.237179	2.241176	844	0.291469	0.283000	0.300792	
824	0.294903	176	0.443182	2.241176	824	0.294903	0.321000	0.300828	
830	0.260241	170	0.370588	2.241176	830	0.260241	0.279000	0.300790	
823	0.252734	177	0.333333	2.241176	823	0.252734	0.267000	0.300731	
836	0.273923	164	0.347561	2.241176	836	0.273923	0.286000	0.300705	
801	0.242197	199	0.356784	2.241176	801	0.242197	0.265000	0.300643	
823	0.217497	177	0.350282	2.241176	823	0.217497	0.241000	0.300539	
824	0.274272	176	0.431818	2.241176	824	0.274272	0.302000	0.300542	
833	0.244898	167	0.407186	2.241176	833	0.244898	0.272000	0.300493	
835	0.232335	165	0.272727	2.241176	835	0.232335	0.239000	0.300386	
808	0.279703	192	0.427083	2.241176	808	0.279703	0.308000	0.300399	
801	0.255930	199	0.512563	2.241176	801	0.255930	0.307000	0.300411	
815	0.253988	185	0.502703	2.241176	815	0.253988	0.300000	0.300410	
852	0.281690	148	0.290541	2.241176	852	0.281690	0.283000	0.300380	
840	0.233333	160	0.437500	2.241176	840	0.233333	0.266000	0.300321	
845	0.275740	155	0.290323	2.241176	845	0.275740	0.278000	0.300283	
811	0.282367	189	0.365079	2.241176	811	0.282367	0.298000	0.300279	
838	0.284010	162	0.413580	2.241176	838	0.284010	0.305000	0.300287	
827	0.274486	173	0.410405	2.241176	827	0.274486	0.298000	0.300284	
796	0.261307	204	0.406863	2.241176	796	0.261307	0.291000	0.300268	
830	0.231325	170	0.476471	2.241176	830	0.231325	0.273000	0.300222	
841	0.291320	159	0.452830	2.241176	841	0.291320	0.317000	0.300250	
853	0.284877	147	0.360544	2.241176	853	0.284877	0.296000	0.300243	
829	0.241255	171	0.438596	2.241176	829	0.241255	0.275000	0.300200	
812	0.251232	188	0.372340	2.241176	812	0.251232	0.274000	0.300156	
833	0.220888	167	0.413174	2.241176	833	0.220888	0.253000	0.300077	
842	0.248219	158	0.367089	2.241176	842	0.248219	0.267000	0.300021	
849	0.265018	151	0.384106	2.241176	849	0.265018	0.283000	0.299993	
847	0.263282	153	0.379085	2.241176	847	0.263282	0.281000	0.299961	
838	0.252983	162	0.364198	2.241176	838	0.252983	0.271000	0.299913	
841	0.261593	159	0.522013	2.241176	841	0.261593	0.303000	0.299918	
829	0.252111	171	0.497076	2.241176	829	0.252111	0.294000	0.299908	
830	0.279518	170	0.470588	2.241176	830	0.279518	0.312000	0.299928	
836	0.267943	164	0.493902	2.241176	836	0.267943	0.305000	0.299936	
835	0.229940	165	0.309091	2.241176	835	0.229940	0.243000	0.299842	
846	0.280142	154	0.201299	2.241176	846	0.280142	0.268000	0.299790	
832	0.282452	168	0.452381	2.241176	832	0.282452	0.311000	0.299808	
812	0.269704	188	0.335106	2.241176	812	0.269704	0.282000	0.299779	
823	0.255164	177	0.372881	2.241176	823	0.255164	0.276000	0.299740	
837	0.254480	163	0.190184	2.241176	837	0.254480	0.244000	0.299648	
844	0.210900	156	0.378205	2.241176	844	0.210900	0.237000	0.299545	
837	0.258065	163	0.331288	2.241176	837	0.258065	0.270000	0.299497	
840	0.254762	160	0.318750	2.241176	840	0.254762	0.265000	0.299441	
851	0.230317	149	0.308725	2.241176	851	0.230317	0.242000	0.299347	
838	0.273270	162	0.462963	2.241176	838	0.273270	0.304000	0.299355	
829	0.295537	171	0.356725	2.241176	829	0.295537	0.306000	0.299365	
829	0.293124	171	0.356725	2.241176	829	0.293124	0.304000	0.299373	
833	0.273709	167	0.395210	2.241176	833	0.273709	0.294000	0.299364	
847	0.291617	153	0.444444	2.241176	847	0.291617	0.315000	0.299389	
841	0.258026	159	0.327044	2.241176	841	0.258026	0.269000	0.299340	
835	0.269461	165	0.375758	2.241176	835	0.269461	0.287000	0.299320	
823	0.273390	177	0.378531	2.241176	823	0.273390	0.292000	0.299309	
832	0.239183	168	0.238095	2.241176	832	0.239183	0.239000	0.299212	
840	0.240476	160	0.293750	2.241176	840	0.240476	0.249000	0.299131	
835	0.252695	165	0.406061	2.241176	835	0.252695	0.278000	0.299097	
848	0.275943	152	0.361842	2.241176	848	0.275943	0.289000	0.299081	
818	0.292176	182	0.329670	2.241176	818	0.292176	0.299000	0.299081	
850	0.241176	150	0.393333	2.241176	850	0.241176	0.264000	0.299025	
844	0.264218	156	0.320513	2.241176	844	0.264218	0.273000	0.298984	
856	0.189252	144	0.451389	2.241176	856	0.189252	0.227000	0.298869	
827	0.325272	173	0.537572	1.786349	827	0.325272	0.362000	0.298969	
859	0.366705	141	0.375887	1.786349	859	0.366705	0.368000	0.299079	
831	0.328520	169	0.366864	1.786349	831	0.328520	0.335000	0.299136	
836	0.358852	164	0.402439	1.786349	836	0.358852	0.366000	0.299241	
834	0.342926	166	0.457831	1.786349	834	0.342926	0.362000	0.299340	
843	0.364176	157	0.394904	1.786349	843	0.364176	0.369000	0.299450	
837	0.351254	163	0.263804	1.786349	837	0.351254	0.337000	0.299509	
842	0.344418	158	0.506329	1.786349	842	0.344418	0.370000	0.299620	
841	0.363853	159	0.415094	1.786349	841	0.363853	0.372000	0.299733	
823	0.358445	177	0.423729	1.786349	823	0.358445	0.370000	0.299843	
815	0.352147	185	0.329730	1.786349	815	0.352147	0.348000	0.299918	
826	0.337772	174	0.408046	1.786349	826	0.337772	0.350000	0.299996	
817	0.339045	183	0.508197	1.786349	817	0.339045	0.370000	0.300105	
855	0.375439	145	0.413793	1.786349	855	0.375439	0.381000	0.300231	
869	0.372842	131	0.519084	1.786349	869	0.372842	0.392000	0.300374	
840	0.340476	160	0.275000	1.786349	840	0.340476	0.330000	0.300420	
838	0.353222	162	0.314815	1.786349	838	0.353222	0.347000	0.300492	
826	0.377724	174	0.436782	1.786349	826	0.377724	0.388000	0.300627	
801	0.358302	199	0.346734	1.786349	801	0.358302	0.356000	0.300712	
831	0.375451	169	0.473373	1.786349	831	0.375451	0.392000	0.300853	
846	0.326241	154	0.285714	1.786349	846	0.326241	0.320000	0.300883	
816	0.357843	184	0.331522	1.786349	816	0.357843	0.353000	0.300963	
808	0.377475	192	0.510417	1.786349	808	0.377475	0.403000	0.301119	
833	0.340936	167	0.401198	1.786349	833	0.340936	0.351000	0.301196	
822	0.364964	178	0.398876	1.786349	822	0.364964	0.371000	0.301302	
838	0.317422	162	0.395062	1.786349	838	0.317422	0.330000	0.301346	
847	0.394333	153	0.209150	1.786349	847	0.394333	0.366000	0.301445	
836	0.348086	164	0.250000	1.786349	836	0.348086	0.332000	0.301491	
846	0.360520	154	0.415584	1.786349	846	0.360520	0.369000	0.301594	
794	0.361461	206	0.470874	1.786349	794	0.361461	0.384000	0.301719	
855	0.378947	145	0.427586	1.786349	855	0.378947	0.386000	0.301847	
831	0.351384	169	0.355030	1.786349	831	0.351384	0.352000	0.301922	
828	0.362319	172	0.401163	1.786349	828	0.362319	0.369000	0.302024	
843	0.357058	157	0.382166	1.786349	843	0.357058	0.361000	0.302113	
852	0.339202	148	0.385135	1.786349	852	0.339202	0.346000	0.302179	
785	0.373248	215	0.525581	1.786349	785	0.373248	0.406000	0.302335	
828	0.381643	172	0.377907	1.786349	828	0.381643	0.381000	0.302453	
830	0.343373	170	0.488235	1.786349	830	0.343373	0.368000	0.302551	
801	0.373283	199	0.386935	1.786349	801	0.373283	0.376000	0.302661	
858	0.348485	142	0.352113	1.786349	858	0.348485	0.349000	0.302730	
862	0.372390	138	0.318841	1.786349	862	0.372390	0.365000	0.302823	
834	0.333333	166	0.500000	1.786349	834	0.333333	0.361000	0.302910	
832	0.368990	168	0.535714	1.786349	832	0.368990	0.397000	0.303050	
853	0.370457	147	0.462585	1.786349	853	0.370457	0.384000	0.303170	
862	0.350348	138	0.398551	1.786349	862	0.350348	0.357000	0.303250	
824	0.322816	176	0.465909	1.786349	824	0.322816	0.348000	0.303317	
835	0.331737	165	0.303030	1.786349	835	0.331737	0.327000	0.303352	
840	0.344048	160	0.487500	1.786349	840	0.344048	0.367000	0.303446	
820	0.374390	180	0.294444	1.786349	820	0.374390	0.360000	0.303529	
847	0.365998	153	0.418301	1.786349	847	0.365998	0.374000	0.303633	
817	0.335373	183	0.448087	1.786349	817	0.335373	0.356000	0.303710	
828	0.321256	172	0.482558	1.786349	828	0.321256	0.349000	0.303776	
834	0.350120	166	0.319277	1.786349	834	0.350120	0.345000	0.303837	
866	0.347575	134	0.552239	1.786349	866	0.347575	0.375000	0.303941	
827	0.322854	173	0.531792	1.786349	827	0.322854	0.359000	0.304021	
857	0.358226	143	0.328671	1.786349	857	0.358226	0.354000	0.304094	
865	0.301734	135	0.355556	1.786349	865	0.301734	0.309000	0.304102	
813	0.360394	187	0.229947	1.786349	813	0.360394	0.336000	0.304148	
862	0.310905	138	0.471014	1.786349	862	0.310905	0.333000	0.304190	
824	0.359223	176	0.454545	1.786349	824	0.359223	0.376000	0.304294	
834	0.360911	166	0.421687	1.786349	834	0.360911	0.371000	0.304391	
842	0.347981	158	0.430380	1.786349	842	0.347981	0.361000	0.304473	
834	0.376499	166	0.451807	1.786349	834	0.376499	0.389000	0.304595	
853	0.378664	147	0.326531	1.786349	853	0.378664	0.371000	0.304691	
844	0.343602	156	0.397436	1.786349	844	0.343602	0.352000	0.304759	
833	0.334934	167	0.437126	1.786349	833	0.334934	0.352000	0.304827	
840	0.336905	160	0.500000	1.786349	840	0.336905	0.363000	0.304910	
836	0.339713	164	0.439024	1.786349	836	0.339713	0.356000	0.304984	
846	0.358156	154	0.422078	1.786349	846	0.358156	0.368000	0.305074	
841	0.375743	159	0.427673	1.786349	841	0.375743	0.384000	0.305187	
823	0.343864	177	0.542373	1.786349	823	0.343864	0.379000	0.305292	
858	0.342657	142	0.457746	1.786349	858	0.342657	0.359000	0.305369	
820	0.351220	180	0.372222	1.786349	820	0.351220	0.355000	0.305440	
826	0.359564	174	0.402299	1.786349	826	0.359564	0.367000	0.305527	
833	0.348139	167	0.443114	1.786349	833	0.348139	0.364000	0.305610	
852	0.368545	148	0.472973	1.786349	852	0.368545	0.384000	0.305722	
834	0.380096	166	0.367470	1.786349	834	0.380096	0.378000	0.305824	
835	0.329341	165	0.503030	1.786349	835	0.329341	0.358000	0.305898	
838	0.329356	162	0.345679	1.786349	838	0.329356	0.332000	0.305935	
805	0.366460	195	0.425641	1.786349	805	0.366460	0.378000	0.306036	
827	0.347037	173	0.427746	1.786349	827	0.347037	0.361000	0.306114	
823	0.366950	177	0.440678	1.786349	823	0.366950	0.380000	0.306218	
835	0.330539	165	0.515152	1.786349	835	0.330539	0.361000	0.306295	
813	0.348093	187	0.481283	1.786349	813	0.348093	0.373000	0.306388	
823	0.313487	177	0.491525	1.786349	823	0.313487	0.345000	0.306442	
835	0.383234	165	0.545455	1.786349	835	0.383234	0.410000	0.306587	
865	0.310983	135	0.303704	1.786349	865	0.310983	0.310000	0.306592	
841	0.379310	159	0.371069	1.786349	841	0.379310	0.378000	0.306691	
843	0.344009	157	0.452229	1.786349	843	0.344009	0.361000	0.306767	
845	0.360947	155	0.529032	1.786349	845	0.360947	0.387000	0.306879	
830	0.336145	170	0.329412	1.786349	830	0.336145	0.335000	0.306918	
838	0.379475	162	0.345679	1.786349	838	0.379475	0.374000	0.307011	
835	0.320958	165	0.424242	1.786349	835	0.320958	0.338000	0.307054	
824	0.344660	176	0.323864	1.786349	824	0.344660	0.341000	0.307101	
845	0.358580	155	0.258065	1.786349	845	0.358580	0.343000	0.307150	
853	0.297773	147	0.578231	1.786349	853	0.297773	0.339000	0.307194	
843	0.327402	157	0.522293	1.786349	843	0.327402	0.358000	0.307264	
847	0.367178	153	0.529412	1.786349	847	0.367178	0.392000	0.307381	
844	0.357820	156	0.410256	1.786349	844	0.357820	0.366000	0.307461	
822	0.362530	178	0.477528	1.786349	822	0.362530	0.383000	0.307565	
832	0.331731	168	0.410714	1.786349	832	0.331731	0.345000	0.307616	
854	0.310304	146	0.452055	1.786349	854	0.310304	0.331000	0.307648	
817	0.367197	183	0.453552	1.786349	817	0.367197	0.383000	0.307751	
839	0.364720	161	0.372671	1.786349	839	0.364720	0.366000	0.307830	
819	0.347985	181	0.497238	1.786349	819	0.347985	0.375000	0.307922	
821	0.352010	179	0.435754	1.786349	821	0.352010	0.367000	0.308002	
800	0.340000	200	0.255000	1.786349	800	0.340000	0.323000	0.308023	
843	0.345196	157	0.343949	1.786349	843	0.345196	0.345000	0.308073	
825	0.329697	175	0.388571	1.786349	825	0.329697	0.340000	0.308116	
814	0.351351	186	0.258065	1.786349	814	0.351351	0.334000	0.308151	
844	0.372038	156	0.320513	1.786349	844	0.372038	0.364000	0.308227	
848	0.366745	152	0.480263	1.786349	848	0.366745	0.384000	0.308329	
820	0.392683	180	0.377778	1.786349	820	0.392683	0.390000	0.308439	
850	0.344706	150	0.320000	1.786349	850	0.344706	0.341000	0.308483	
847	0.378985	153	0.307190	1.786349	847	0.378985	0.368000	0.308563	
831	0.382671	169	0.355030	1.786349	831	0.382671	0.378000	0.308656	
837	0.352449	163	0.435583	1.786349	837	0.352449	0.366000	0.308733	
809	0.342398	191	0.502618	1.786349	809	0.342398	0.373000	0.308819	
843	0.367734	157	0.394904	1.786349	843	0.367734	0.372000	0.308903	
835	0.385629	165	0.321212	1.786349	835	0.385629	0.375000	0.308992	
829	0.393245	171	0.479532	1.786349	829	0.393245	0.408000	0.309124	
828	0.340580	172	0.418605	1.786349	828	0.340580	0.354000	0.309183	
814	0.350123	186	0.381720	1.786349	814	0.350123	0.356000	0.309246	
819	0.346764	181	0.403315	1.786349	819	0.346764	0.357000	0.309309	
826	0.335351	174	0.425287	1.786349	826	0.335351	0.351000	0.309364	
830	0.406024	170	0.500000	1.786349	830	0.406024	0.422000	0.309513	
838	0.268496	162	0.500000	2.203182	838	0.268496	0.306000	0.309509	
837	0.292712	163	0.312883	2.203182	837	0.292712	0.296000	0.309491	
851	0.238543	149	0.342282	2.203182	851	0.238543	0.254000	0.309418	
846	0.251773	154	0.331169	2.203182	846	0.251773	0.264000	0.309358	
835	0.262275	165	0.393939	2.203182	835	0.262275	0.284000	0.309325	
826	0.243341	174	0.448276	2.203182	826	0.243341	0.279000	0.309285	
821	0.253350	179	0.318436	2.203182	821	0.253350	0.265000	0.309227	
825	0.287273	175	0.371429	2.203182	825	0.287273	0.302000	0.309217	
834	0.264988	166	0.331325	2.203182	834	0.264988	0.276000	0.309174	
852	0.254695	148	0.324324	2.203182	852	0.254695	0.265000	0.309116	
839	0.256257	161	0.447205	2.203182	839	0.256257	0.287000	0.309087	
857	0.252042	143	0.468531	2.203182	857	0.252042	0.283000	0.309053	
871	0.285878	129	0.488372	2.203182	871	0.285878	0.312000	0.309057	
840	0.253571	160	0.550000	2.203182	840	0.253571	0.301000	0.309046	
835	0.250299	165	0.357576	2.203182	835	0.250299	0.268000	0.308993	
833	0.284514	167	0.544910	2.203182	833	0.284514	0.328000	0.309018	
848	0.258255	152	0.381579	2.203182	848	0.258255	0.277000	0.308976	
837	0.234170	163	0.429448	2.203182	837	0.234170	0.266000	0.308921	
847	0.279811	153	0.503268	2.203182	847	0.279811	0.314000	0.308927	
850	0.280000	150	0.346667	2.203182	850	0.280000	0.290000	0.308903	
831	0.228640	169	0.366864	2.203182	831	0.228640	0.252000	0.308829	
826	0.278450	174	0.333333	2.203182	826	0.278450	0.288000	0.308803	
813	0.271833	187	0.363636	2.203182	813	0.271833	0.289000	0.308777	
824	0.268204	176	0.392045	2.203182	824	0.268204	0.290000	0.308753	
819	0.261294	181	0.480663	2.203182	819	0.261294	0.301000	0.308743	
816	0.276961	184	0.434783	2.203182	816	0.276961	0.306000	0.308740	
842	0.239905	158	0.468354	2.203182	842	0.239905	0.276000	0.308698	
820	0.278049	180	0.416667	2.203182	820	0.278049	0.303000	0.308691	
820	0.237805	180	0.461111	2.203182	820	0.237805	0.278000	0.308651	
833	0.267707	167	0.347305	2.203182	833	0.267707	0.281000	0.308616	
803	0.246575	197	0.421320	2.203182	803	0.246575	0.281000	0.308581	
836	0.233254	164	0.408537	2.203182	836	0.233254	0.262000	0.308522	
804	0.291045	196	0.433673	2.203182	804	0.291045	0.319000	0.308535	
813	0.281673	187	0.470588	2.203182	813	0.281673	0.317000	0.308546	
835	0.267066	165	0.315152	2.203182	835	0.267066	0.275000	0.308503	
809	0.300371	191	0.319372	2.203182	809	0.300371	0.304000	0.308498	
813	0.254613	187	0.352941	2.203182	813	0.254613	0.273000	0.308453	
823	0.232078	177	0.457627	2.203182	823	0.232078	0.272000	0.308407	
821	0.291108	179	0.463687	2.203182	821	0.291108	0.322000	0.308424	
854	0.305621	146	0.458904	2.203182	854	0.305621	0.328000	0.308449	
837	0.259259	163	0.374233	2.203182	837	0.259259	0.278000	0.308410	
853	0.249707	147	0.442177	2.203182	853	0.249707	0.278000	0.308372	
843	0.247924	157	0.407643	2.203182	843	0.247924	0.273000	0.308328	
827	0.281741	173	0.341040	2.203182	827	0.281741	0.292000	0.308307	
843	0.293001	157	0.318471	2.203182	843	0.293001	0.297000	0.308293	
838	0.267303	162	0.240741	2.203182	838	0.267303	0.263000	0.308237	
832	0.263221	168	0.434524	2.203182	832	0.263221	0.292000	0.308217	
830	0.243373	170	0.441176	2.203182	830	0.243373	0.277000	0.308178	
813	0.298893	187	0.411765	2.203182	813	0.298893	0.320000	0.308192	
818	0.287286	182	0.280220	2.203182	818	0.287286	0.286000	0.308165	
811	0.279901	189	0.433862	2.203182	811	0.279901	0.309000	0.308166	
827	0.266022	173	0.352601	2.203182	827	0.266022	0.281000	0.308132	
841	0.244946	159	0.459119	2.203182	841	0.244946	0.279000	0.308096	
835	0.252695	165	0.393939	2.203182	835	0.252695	0.276000	0.308056	
850	0.257647	150	0.420000	2.203182	850	0.257647	0.282000	0.308024	
833	0.286915	167	0.419162	2.203182	833	0.286915	0.309000	0.308026	
813	0.257073	187	0.550802	2.203182	813	0.257073	0.312000	0.308030	
818	0.257946	182	0.445055	2.203182	818	0.257946	0.292000	0.308011	
845	0.285207	155	0.470968	2.203182	845	0.285207	0.314000	0.308018	
844	0.305687	156	0.391026	2.203182	844	0.305687	0.319000	0.308032	
823	0.279465	177	0.423729	2.203182	823	0.279465	0.305000	0.308028	
824	0.279126	176	0.488636	2.203182	824	0.279126	0.316000	0.308038	
834	0.268585	166	0.319277	2.203182	834	0.268585	0.277000	0.308000	
847	0.266824	153	0.398693	2.203182	847	0.266824	0.287000	0.307974	
835	0.258683	165	0.381818	2.203182	835	0.258683	0.279000	0.307939	
839	0.311085	161	0.422360	2.203182	839	0.311085	0.329000	0.307964	
840	0.264286	160	0.356250	2.203182	840	0.264286	0.279000	0.307929	
835	0.280240	165	0.400000	2.203182	835	0.280240	0.300000	0.307919	
830	0.271084	170	0.347059	2.203182	830	0.271084	0.284000	0.307890	
827	0.268440	173	0.317919	2.203182	827	0.268440	0.277000	0.307853	
800	0.292500	200	0.385000	2.203182	800	0.292500	0.311000	0.307857	
817	0.286414	183	0.398907	2.203182	817	0.286414	0.307000	0.307856	
835	0.273054	165	0.393939	2.203182	835	0.273054	0.293000	0.307838	
814	0.267813	186	0.311828	2.203182	814	0.267813	0.276000	0.307799	
823	0.325638	177	0.254237	2.203182	823	0.325638	0.313000	0.307806	
838	0.247017	162	0.333333	2.203182	838	0.247017	0.261000	0.307749	
840	0.223810	160	0.356250	2.203182	840	0.223810	0.245000	0.307674	
832	0.277644	168	0.404762	2.203182	832	0.277644	0.299000	0.307663	
831	0.276775	169	0.426036	2.203182	831	0.276775	0.302000	0.307657	
819	0.262515	181	0.453039	2.203182	819	0.262515	0.297000	0.307644	
816	0.274510	184	0.347826	2.203182	816	0.274510	0.288000	0.307620	
838	0.241050	162	0.456790	2.203182	838	0.241050	0.276000	0.307583	
827	0.272068	173	0.456647	2.203182	827	0.272068	0.304000	0.307578	
825	0.227879	175	0.331429	2.203182	825	0.227879	0.246000	0.307505	
833	0.213685	167	0.281437	2.203182	833	0.213685	0.225000	0.307407	
844	0.261848	156	0.487179	2.203182	844	0.261848	0.297000	0.307394	
815	0.247853	185	0.340541	2.203182	815	0.247853	0.265000	0.307344	
798	0.275689	202	0.376238	2.203182	798	0.275689	0.296000	0.307331	
833	0.273709	167	0.299401	2.203182	833	0.273709	0.278000	0.307296	
839	0.266985	161	0.291925	2.203182	839	0.266985	0.271000	0.307253	
838	0.249403	162	0.302469	2.203182	838	0.249403	0.258000	0.307195	
834	0.257794	166	0.506024	2.203182	834	0.257794	0.299000	0.307185	
844	0.264218	156	0.467949	2.203182	844	0.264218	0.296000	0.307172	
830	0.254217	170	0.429412	2.203182	830	0.254217	0.284000	0.307145	
830	0.257831	170	0.411765	2.203182	830	0.257831	0.284000	0.307117	
826	0.286925	174	0.528736	2.203182	826	0.286925	0.329000	0.307143	
855	0.245614	145	0.613793	2.203182	855	0.245614	0.299000	0.307133	
847	0.305785	153	0.483660	2.203182	847	0.305785	0.333000	0.307164	
849	0.248528	151	0.523179	2.203182	849	0.248528	0.290000	0.307144	
844	0.267773	156	0.442308	2.203182	844	0.267773	0.295000	0.307129	
843	0.264531	157	0.426752	2.203182	843	0.264531	0.290000	0.307109	
833	0.246098	167	0.437126	2.203182	833	0.246098	0.278000	0.307075	
821	0.254568	179	0.363128	2.203182	821	0.254568	0.274000	0.307037	
820	0.269512	180	0.394444	2.203182	820	0.269512	0.292000	0.307019	
828	0.286232	172	0.406977	2.203182	828	0.286232	0.307000	0.307019	
831	0.296029	169	0.431953	2.203182	831	0.296029	0.319000	0.307033	
837	0.277180	163	0.484663	2.203182	837	0.277180	0.311000	0.307038	
838	0.298329	162	0.302469	2.203182	838	0.298329	0.299000	0.307029	
853	0.269637	147	0.238095	2.203182	853	0.269637	0.265000	0.306980	
842	0.287411	158	0.272152	2.203182	842	0.287411	0.285000	0.306955	
847	0.270366	153	0.326797	2.203182	847	0.270366	0.279000	0.306922	
826	0.272397	174	0.459770	2.203182	826	0.272397	0.305000	0.306920	
848	0.267689	152	0.276316	2.203182	848	0.267689	0.269000	0.306876	
829	0.289505	171	0.304094	2.203182	829	0.289505	0.292000	0.306859	
838	0.255370	162	0.450617	2.203182	838	0.255370	0.287000	0.306836	
829	0.278649	171	0.508772	2.203182	829	0.278649	0.318000	0.306849	
823	0.244228	177	0.333333	2.203182	823	0.244228	0.260000	0.306796	
826	0.251816	174	0.511494	2.203182	826	0.251816	0.297000	0.306784	
840	0.248810	160	0.268750	2.203182	840	0.248810	0.252000	0.306722	
845	0.249704	155	0.419355	2.203182	845	0.249704	0.276000	0.306687	
822	0.281022	178	0.275281	2.203182	822	0.281022	0.280000	0.306656	
838	0.282816	162	0.259259	2.203182	838	0.282816	0.279000	0.306625	
830	0.261446	170	0.447059	2.203182	830	0.261446	0.293000	0.306609	
808	0.271040	192	0.369792	2.203182	808	0.271040	0.290000	0.306590	
823	0.250304	177	0.440678	2.203182	823	0.250304	0.284000	0.306564	
854	0.230679	146	0.335616	2.203182	854	0.230679	0.246000	0.306496	
843	0.226572	157	0.350318	2.203182	843	0.226572	0.246000	0.306427	
812	0.291872	188	0.398936	2.203182	812	0.291872	0.312000	0.306433	
837	0.280765	163	0.417178	2.203182	837	0.280765	0.303000	0.306430	
829	0.288299	171	0.321637	2.203182	829	0.288299	0.294000	0.306415	
832	0.277644	168	0.428571	2.203182	832	0.277644	0.303000	0.306412	
825	0.271515	175	0.360000	2.203182	825	0.271515	0.287000	0.306390	
833	0.259304	167	0.431138	2.203182	833	0.259304	0.288000	0.306369	
837	0.275986	163	0.521472	2.203182	837	0.275986	0.316000	0.306380	
845	0.275740	155	0.400000	2.203182	845	0.275740	0.295000	0.306367	
858	0.255245	142	0.338028	2.203182	858	0.255245	0.267000	0.306323	
848	0.267689	152	0.328947	2.203182	848	0.267689	0.277000	0.306290	
813	0.298893	187	0.256684	2.203182	813	0.298893	0.291000	0.306273	
842	0.252969	158	0.417722	2.203182	842	0.252969	0.279000	0.306242	
856	0.258178	144	0.263889	2.203182	856	0.258178	0.259000	0.306190	
849	0.269729	151	0.357616	2.203182	849	0.269729	0.283000	0.306164	
821	0.249695	179	0.469274	2.203182	821	0.249695	0.289000	0.306145	
842	0.300475	158	0.360759	2.203182	842	0.300475	0.310000	0.306149	
821	0.244823	179	0.318436	2.203182	821	0.244823	0.258000	0.306095	
837	0.296296	163	0.404908	2.203182	837	0.296296	0.314000	0.306104	
811	0.274969	189	0.423280	2.203182	811	0.274969	0.303000	0.306101	
832	0.282452	168	0.416667	2.203182	832	0.282452	0.305000	0.306099	
837	0.258065	163	0.368098	2.203182	837	0.258065	0.276000	0.306066	
826	0.278450	174	0.425287	2.203182	826	0.278450	0.304000	0.306064	
813	0.261993	187	0.283422	2.203182	813	0.261993	0.266000	0.306020	
817	0.305998	183	0.371585	2.203182	817	0.305998	0.318000	0.306033	
847	0.296340	153	0.379085	2.203182	847	0.296340	0.309000	0.306036	
841	0.310345	159	0.396226	2.203182	841	0.310345	0.324000	0.306056	
835	0.276647	165	0.442424	2.203182	835	0.276647	0.304000	0.306054	
839	0.245530	161	0.335404	2.203182	839	0.245530	0.260000	0.306003	
841	0.291320	159	0.446541	2.203182	841	0.291320	0.316000	0.306014	
850	0.290588	150	0.293333	2.203182	850	0.290588	0.291000	0.305997	
854	0.242389	146	0.452055	2.203182	854	0.242389	0.273000	0.305961	
831	0.309266	169	0.213018	2.203182	831	0.309266	0.293000	0.305947	
835	0.247904	165	0.448485	2.203182	835	0.247904	0.281000	0.305920	
828	0.274155	172	0.412791	2.203182	828	0.274155	0.298000	0.305911	
842	0.252969	158	0.373418	2.203182	842	0.252969	0.272000	0.305874	
822	0.273723	178	0.589888	2.203182	822	0.273723	0.330000	0.305901	
841	0.288942	159	0.427673	2.203182	841	0.288942	0.311000	0.305906	
817	0.274174	183	0.420765	2.203182	817	0.274174	0.301000	0.305901	
843	0.259786	157	0.426752	2.203182	843	0.259786	0.286000	0.305879	
835	0.307784	165	0.436364	2.203182	835	0.307784	0.329000	0.305904	
846	0.288416	154	0.389610	2.203182	846	0.288416	0.304000	0.305902	
835	0.312575	165	0.321212	2.203182	835	0.312575	0.314000	0.305911	
822	0.299270	178	0.415730	2.203182	822	0.299270	0.320000	0.305926	
831	0.268351	169	0.343195	2.203182	831	0.268351	0.281000	0.305899	
825	0.240000	175	0.394286	2.203182	825	0.240000	0.267000	0.305857	
842	0.251781	158	0.411392	2.203182	842	0.251781	0.277000	0.305826	
839	0.246722	161	0.397516	2.203182	839	0.246722	0.271000	0.305789	
833	0.266507	167	0.419162	2.203182	833	0.266507	0.292000	0.305774	
843	0.278766	157	0.363057	2.203182	843	0.278766	0.292000	0.305759	
817	0.265606	183	0.519126	2.203182	817	0.265606	0.312000	0.305766	
834	0.288969	166	0.283133	2.203182	834	0.288969	0.288000	0.305747	
794	0.258186	206	0.412621	2.203182	794	0.258186	0.290000	0.305730	
831	0.268351	169	0.242604	2.203182	831	0.268351	0.264000	0.305685	
830	0.289157	170	0.458824	2.203182	830	0.289157	0.318000	0.305698	
819	0.311355	181	0.419890	2.203182	819	0.311355	0.331000	0.305725	
850	0.228235	150	0.500000	2.203182	850	0.228235	0.269000	0.305686	
831	0.255114	169	0.378698	2.203182	831	0.255114	0.276000	0.305655	
834	0.293765	166	0.325301	2.203182	834	0.293765	0.299000	0.305648	
836	0.282297	164	0.347561	2.203182	836	0.282297	0.293000	0.305634	
851	0.263220	149	0.456376	2.203182	851	0.263220	0.292000	0.305620	
864	0.307870	136	0.441176	2.203182	864	0.307870	0.326000	0.305641	
833	0.265306	167	0.449102	2.203182	833	0.265306	0.296000	0.305631	
862	0.281903	138	0.391304	2.203182	862	0.281903	0.297000	0.305622	
833	0.258103	167	0.473054	2.203182	833	0.258103	0.294000	0.305610	
817	0.299878	183	0.344262	2.203182	817	0.299878	0.308000	0.305612	
838	0.272076	162	0.370370	2.203182	838	0.272076	0.288000	0.305594	
802	0.253117	198	0.459596	2.203182	802	0.253117	0.294000	0.305581	
836	0.246411	164	0.371951	2.203182	836	0.246411	0.267000	0.305541	
839	0.286055	161	0.372671	2.203182	839	0.286055	0.300000	0.305535	
823	0.240583	177	0.401130	2.203182	823	0.240583	0.269000	0.305497	
813	0.261993	187	0.374332	2.203182	813	0.261993	0.283000	0.305473	
847	0.266824	153	0.379085	2.203182	847	0.266824	0.284000	0.305450	
814	0.269042	186	0.274194	2.203182	814	0.269042	0.270000	0.305413	
830	0.246988	170	0.441176	2.203182	830	0.246988	0.280000	0.305387	
843	0.270463	157	0.356688	2.203182	843	0.270463	0.284000	0.305364	
839	0.299166	161	0.385093	2.203182	839	0.299166	0.313000	0.305372	
832	0.301683	168	0.303571	2.203182	832	0.301683	0.302000	0.305369	
831	0.297232	169	0.514793	2.203182	831	0.297232	0.334000	0.305399	
818	0.288509	182	0.401099	2.203182	818	0.288509	0.309000	0.305402	
817	0.321909	183	0.393443	2.203182	817	0.321909	0.335000	0.305433	
818	0.289731	182	0.516484	2.203182	818	0.289731	0.331000	0.305460	
817	0.271726	183	0.513661	2.203182	817	0.271726	0.316000	0.305471	
834	0.275779	166	0.415663	2.203182	834	0.275779	0.299000	0.305464	
831	0.271961	169	0.455621	2.203182	831	0.271961	0.303000	0.305461	
823	0.281896	177	0.327684	2.203182	823	0.281896	0.290000	0.305445	
837	0.241338	163	0.460123	2.203182	837	0.241338	0.277000	0.305416	
847	0.279811	153	0.346405	2.203182	847	0.279811	0.290000	0.305400	
826	0.273608	174	0.298851	2.203182	826	0.273608	0.278000	0.305372	
853	0.261430	147	0.435374	2.203182	853	0.261430	0.287000	0.305353	
841	0.246136	159	0.345912	2.203182	841	0.246136	0.262000	0.305308	
832	0.275240	168	0.476190	2.203182	832	0.275240	0.309000	0.305312	
850	0.223529	150	0.373333	2.203182	850	0.223529	0.246000	0.305251	
846	0.290780	154	0.409091	2.203182	846	0.290780	0.309000	0.305255	
823	0.270960	177	0.406780	2.203182	823	0.270960	0.295000	0.305245	
847	0.262102	153	0.522876	2.203182	847	0.262102	0.302000	0.305241	
828	0.254831	172	0.383721	2.203182	828	0.254831	0.277000	0.305212	
821	0.285018	179	0.318436	2.203182	821	0.285018	0.291000	0.305198	
836	0.261962	164	0.384146	2.203182	836	0.261962	0.282000	0.305174	
823	0.291616	177	0.344633	2.203182	823	0.291616	0.301000	0.305170	
819	0.256410	181	0.524862	2.203182	819	0.256410	0.305000	0.305170	
813	0.277983	187	0.331551	2.203182	813	0.277983	0.288000	0.305152	
850	0.277647	150	0.553333	2.203182	850	0.277647	0.319000	0.305166	
821	0.248477	179	0.435754	2.203182	821	0.248477	0.282000	0.305143	
841	0.271106	159	0.452830	2.203182	841	0.271106	0.300000	0.305138	
847	0.260921	153	0.457516	2.203182	847	0.260921	0.291000	0.305123	
847	0.246753	153	0.470588	2.203182	847	0.246753	0.281000	0.305099	
836	0.278708	164	0.432927	2.203182	836	0.278708	0.304000	0.305098	
837	0.256870	163	0.429448	2.203182	837	0.256870	0.285000	0.305077	
840	0.290476	160	0.481250	2.203182	840	0.290476	0.321000	0.305094	
840	0.259524	160	0.300000	2.203182	840	0.259524	0.266000	0.305054	
844	0.285545	156	0.339744	2.203182	844	0.285545	0.294000	0.305043	
847	0.252656	153	0.424837	2.203182	847	0.252656	0.279000	0.305017	
821	0.237515	179	0.340782	2.203182	821	0.237515	0.256000	0.304968	
838	0.279236	162	0.450617	2.203182	838	0.279236	0.307000	0.304970	
841	0.284185	159	0.402516	2.203182	841	0.284185	0.303000	0.304968	
824	0.251214	176	0.363636	2.203182	824	0.251214	0.271000	0.304934	
816	0.263480	184	0.483696	2.203182	816	0.263480	0.304000	0.304933	
852	0.267606	148	0.385135	2.203182	852	0.267606	0.285000	0.304913	
817	0.270502	183	0.382514	2.203182	817	0.270502	0.291000	0.304899	
828	0.276570	172	0.517442	2.203182	828	0.276570	0.318000	0.304912	
849	0.316843	151	0.430464	2.203182	849	0.316843	0.334000	0.304941	
834	0.304556	166	0.403614	2.203182	834	0.304556	0.321000	0.304957	
800	0.261250	200	0.400000	2.203182	800	0.261250	0.289000	0.304941	
835	0.292216	165	0.357576	2.203182	835	0.292216	0.303000	0.304939	
814	0.272727	186	0.295699	2.203182	814	0.272727	0.277000	0.304911	
828	0.271739	172	0.389535	2.203182	828	0.271739	0.292000	0.304899	
824	0.247573	176	0.403409	2.203182	824	0.247573	0.275000	0.304869	
845	0.272189	155	0.412903	2.203182	845	0.272189	0.294000	0.304858	
