Default schedule
Rate	83.33
Tree Move	16.67
Rate Tried	% Accepted	Tree Move Tried	% Accepted	Rates - Dev	Rates - Tried	Rates - Accepted	Sample Ave Acceptance	Total Ave Acceptance	
817	0.313341	183	0.546448	1.857862	817	0.313341	0.356000	0.250523	
849	0.296820	151	0.549669	1.857862	849	0.296820	0.335000	0.257562	
817	0.309670	183	0.448087	1.857862	817	0.309670	0.335000	0.263518	
834	0.304556	166	0.548193	1.857862	834	0.304556	0.345000	0.269338	
832	0.290865	168	0.440476	1.857862	832	0.290865	0.316000	0.272449	
850	0.263529	150	0.493333	1.857862	850	0.263529	0.298000	0.274045	
825	0.270303	175	0.577143	1.857862	825	0.270303	0.324000	0.276984	
845	0.306509	155	0.316129	1.857862	845	0.306509	0.308000	0.278707	
836	0.297847	164	0.414634	1.857862	836	0.297847	0.317000	0.280722	
821	0.249695	179	0.541899	1.857862	821	0.249695	0.302000	0.281786	
826	0.289346	174	0.396552	1.857862	826	0.289346	0.308000	0.283034	
806	0.282878	194	0.484536	1.857862	806	0.282878	0.322000	0.284805	
822	0.322384	178	0.505618	1.857862	822	0.322384	0.355000	0.287857	
822	0.302920	178	0.471910	1.857862	822	0.302920	0.333000	0.289738	
820	0.258537	180	0.527778	1.857862	820	0.258537	0.307000	0.290428	
840	0.279762	160	0.437500	1.857862	840	0.279762	0.305000	0.290989	
835	0.246707	165	0.478788	1.857862	835	0.246707	0.285000	0.290767	
828	0.234300	172	0.534884	1.857862	828	0.234300	0.286000	0.290597	
833	0.300120	167	0.467066	1.857862	833	0.300120	0.328000	0.291886	
812	0.251232	188	0.579787	1.857862	812	0.251232	0.313000	0.292590	
829	0.289505	171	0.467836	1.857862	829	0.289505	0.320000	0.293474	
821	0.297199	179	0.530726	1.857862	821	0.297199	0.339000	0.294897	
851	0.289072	149	0.536913	1.857862	851	0.289072	0.326000	0.295840	
826	0.340194	174	0.419540	1.857862	826	0.340194	0.354000	0.297550	
819	0.352869	181	0.414365	1.857862	819	0.352869	0.364000	0.299449	
805	0.309317	195	0.589744	1.857862	805	0.309317	0.364000	0.301242	
824	0.322816	176	0.494318	1.857862	824	0.322816	0.353000	0.302640	
824	0.268204	176	0.534091	1.857862	824	0.268204	0.315000	0.302966	
842	0.302850	158	0.398734	1.857862	842	0.302850	0.318000	0.303351	
854	0.314988	146	0.486301	1.857862	854	0.314988	0.340000	0.304267	
831	0.269555	169	0.372781	1.857862	831	0.269555	0.287000	0.303846	
821	0.270402	179	0.435754	1.857862	821	0.270402	0.300000	0.303755	
828	0.303140	172	0.540698	1.857862	828	0.303140	0.344000	0.304691	
816	0.321078	184	0.429348	1.857862	816	0.321078	0.341000	0.305516	
832	0.308894	168	0.470238	1.857862	832	0.308894	0.336000	0.306193	
848	0.260613	152	0.486842	1.857862	848	0.260613	0.295000	0.305950	
836	0.300239	164	0.481707	1.857862	836	0.300239	0.330000	0.306462	
826	0.322034	174	0.471264	1.857862	826	0.322034	0.348000	0.307327	
812	0.323892	188	0.462766	1.857862	812	0.323892	0.350000	0.308198	
812	0.309113	188	0.494681	1.857862	812	0.309113	0.344000	0.308914	
830	0.278313	170	0.470588	1.857862	830	0.278313	0.311000	0.308955	
844	0.330569	156	0.570513	1.857862	844	0.330569	0.368000	0.310090	
837	0.254480	163	0.490798	1.857862	837	0.254480	0.293000	0.309768	
826	0.289346	174	0.482759	1.857862	826	0.289346	0.323000	0.310013	
833	0.286915	167	0.425150	1.857862	833	0.286915	0.310000	0.310013	
824	0.292476	176	0.437500	1.857862	824	0.292476	0.318000	0.310155	
835	0.264671	165	0.454545	1.857862	835	0.264671	0.296000	0.309907	
826	0.302663	174	0.534483	1.857862	826	0.302663	0.343000	0.310477	
825	0.281212	175	0.462857	1.857862	825	0.281212	0.313000	0.310520	
832	0.296875	168	0.446429	1.857862	832	0.296875	0.322000	0.310711	
835	0.316168	165	0.551515	1.857862	835	0.316168	0.355000	0.311438	
826	0.347458	174	0.454023	1.857862	826	0.347458	0.366000	0.312318	
803	0.302615	197	0.446701	1.857862	803	0.302615	0.331000	0.312614	
794	0.316121	206	0.368932	1.857862	794	0.316121	0.327000	0.312839	
852	0.268779	148	0.527027	1.857862	852	0.268779	0.307000	0.312749	
840	0.292857	160	0.425000	1.857862	840	0.292857	0.314000	0.312768	
862	0.309745	138	0.463768	1.857862	862	0.309745	0.331000	0.313040	
841	0.281807	159	0.490566	1.857862	841	0.281807	0.315000	0.313069	
836	0.290670	164	0.487805	1.857862	836	0.290670	0.323000	0.313213	
827	0.301088	173	0.445087	1.857862	827	0.301088	0.326000	0.313396	
832	0.310096	168	0.410714	1.857862	832	0.310096	0.327000	0.313587	
854	0.268150	146	0.691781	1.857862	854	0.268150	0.330000	0.313815	
819	0.262515	181	0.441989	1.857862	819	0.262515	0.295000	0.313557	
832	0.299279	168	0.553571	1.857862	832	0.299279	0.342000	0.313942	
823	0.287971	177	0.480226	1.857862	823	0.287971	0.322000	0.314049	
833	0.289316	167	0.502994	1.857862	833	0.289316	0.325000	0.314193	
818	0.289731	182	0.560440	1.857862	818	0.289731	0.339000	0.314515	
821	0.286236	179	0.413408	1.857862	821	0.286236	0.309000	0.314445	
816	0.281863	184	0.516304	1.857862	816	0.281863	0.325000	0.314578	
813	0.335793	187	0.582888	1.857862	813	0.335793	0.382000	0.315421	
831	0.283995	169	0.461538	1.857862	831	0.283995	0.314000	0.315404	
838	0.299523	162	0.487654	1.857862	838	0.299523	0.330000	0.315582	
819	0.284493	181	0.530387	1.857862	819	0.284493	0.329000	0.315743	
828	0.298309	172	0.459302	1.857862	828	0.298309	0.326000	0.315865	
845	0.256805	155	0.425806	1.857862	845	0.256805	0.283000	0.315479	
818	0.281174	182	0.489011	1.857862	818	0.281174	0.319000	0.315520	
846	0.277778	154	0.474026	1.857862	846	0.277778	0.308000	0.315433	
806	0.261787	194	0.489691	1.857862	806	0.261787	0.306000	0.315326	
825	0.306667	175	0.497143	1.857862	825	0.306667	0.340000	0.315603	
804	0.287313	196	0.540816	1.857862	804	0.287313	0.337000	0.315841	
806	0.276675	194	0.417526	1.857862	806	0.276675	0.304000	0.315711	
838	0.307876	162	0.475309	1.857862	838	0.307876	0.335000	0.315920	
805	0.293168	195	0.533333	1.857862	805	0.293168	0.340000	0.316179	
835	0.313772	165	0.333333	1.857862	835	0.313772	0.317000	0.316188	
829	0.312425	171	0.461988	1.857862	829	0.312425	0.338000	0.316418	
819	0.274725	181	0.508287	1.857862	819	0.274725	0.317000	0.316424	
807	0.291202	193	0.528497	1.857862	807	0.291202	0.337000	0.316636	
806	0.313896	194	0.510309	1.857862	806	0.313896	0.352000	0.316997	
830	0.306024	170	0.529412	1.857862	830	0.306024	0.344000	0.317270	
837	0.287933	163	0.490798	1.857862	837	0.287933	0.321000	0.317307	
814	0.310811	186	0.569892	1.857862	814	0.310811	0.359000	0.317720	
816	0.305147	184	0.472826	1.857862	816	0.305147	0.336000	0.317899	
805	0.258385	195	0.497436	1.857862	805	0.258385	0.305000	0.317774	
829	0.299156	171	0.461988	1.857862	829	0.299156	0.327000	0.317862	
817	0.310894	183	0.486339	1.857862	817	0.310894	0.343000	0.318102	
813	0.298893	187	0.411765	1.857862	813	0.298893	0.320000	0.318120	
813	0.329643	187	0.363636	1.857862	813	0.329643	0.336000	0.318287	
841	0.306778	159	0.503145	1.857862	841	0.306778	0.338000	0.318469	
816	0.279412	184	0.521739	1.857862	816	0.279412	0.324000	0.318520	
831	0.297232	169	0.473373	1.857862	831	0.297232	0.327000	0.318597	
838	0.324582	162	0.456790	1.857862	838	0.324582	0.346000	0.318844	
799	0.335419	201	0.502488	1.857862	799	0.335419	0.369000	0.319292	
828	0.265700	172	0.494186	1.857862	828	0.265700	0.305000	0.319165	
839	0.262217	161	0.416149	1.857862	839	0.262217	0.287000	0.318883	
836	0.303828	164	0.426829	1.857862	836	0.303828	0.324000	0.318928	
835	0.301796	165	0.496970	1.857862	835	0.301796	0.334000	0.319058	
829	0.279855	171	0.485380	1.857862	829	0.279855	0.315000	0.319023	
839	0.305125	161	0.552795	1.857862	839	0.305125	0.345000	0.319243	
825	0.260606	175	0.594286	1.857862	825	0.260606	0.319000	0.319241	
820	0.285366	180	0.483333	1.857862	820	0.285366	0.321000	0.319256	
861	0.289199	139	0.525180	1.857862	861	0.289199	0.322000	0.319278	
849	0.306243	151	0.476821	1.857862	849	0.306243	0.332000	0.319383	
830	0.314458	170	0.517647	1.857862	830	0.314458	0.349000	0.319623	
823	0.320778	177	0.519774	1.857862	823	0.320778	0.356000	0.319917	
835	0.289820	165	0.472727	1.857862	835	0.289820	0.320000	0.319917	
837	0.297491	163	0.533742	1.857862	837	0.297491	0.336000	0.320045	
840	0.288095	160	0.562500	1.857862	840	0.288095	0.332000	0.320139	
834	0.294964	166	0.493976	1.857862	834	0.294964	0.328000	0.320201	
844	0.245261	156	0.564103	1.857862	844	0.245261	0.295000	0.320005	
824	0.265777	176	0.585227	1.857862	824	0.265777	0.322000	0.320021	
800	0.276250	200	0.515000	1.857862	800	0.276250	0.324000	0.320051	
799	0.275344	201	0.532338	1.857862	799	0.275344	0.327000	0.320104	
818	0.305623	182	0.412088	1.857862	818	0.305623	0.325000	0.320140	
810	0.287654	190	0.415789	1.857862	810	0.287654	0.312000	0.320080	
814	0.272727	186	0.489247	1.857862	814	0.272727	0.313000	0.320027	
821	0.289890	179	0.508380	1.857862	821	0.289890	0.329000	0.320093	
819	0.302808	181	0.502762	1.857862	819	0.302808	0.339000	0.320231	
813	0.289053	187	0.524064	1.857862	813	0.289053	0.333000	0.320324	
802	0.280549	198	0.575758	1.857862	802	0.280549	0.339000	0.320458	
835	0.268263	165	0.466667	1.857862	835	0.268263	0.301000	0.320319	
826	0.301453	174	0.482759	1.857862	826	0.301453	0.333000	0.320409	
843	0.309609	157	0.484076	1.857862	843	0.309609	0.337000	0.320526	
830	0.265060	170	0.523529	1.857862	830	0.265060	0.309000	0.320445	
812	0.291872	188	0.446809	1.857862	812	0.291872	0.321000	0.320449	
832	0.308894	168	0.452381	1.857862	832	0.308894	0.333000	0.320536	
825	0.299394	175	0.497143	1.857862	825	0.299394	0.334000	0.320628	
849	0.301531	151	0.410596	1.857862	849	0.301531	0.318000	0.320610	
822	0.271290	178	0.494382	1.857862	822	0.271290	0.311000	0.320545	
817	0.336597	183	0.551913	1.857862	817	0.336597	0.376000	0.320917	
837	0.266428	163	0.496933	1.857862	837	0.266428	0.304000	0.320805	
833	0.273709	167	0.431138	1.857862	833	0.273709	0.300000	0.320667	
812	0.254926	188	0.590426	1.857862	812	0.254926	0.318000	0.320649	
795	0.289308	205	0.502439	1.857862	795	0.289308	0.333000	0.320730	
827	0.279323	173	0.364162	1.857862	827	0.279323	0.294000	0.320556	
837	0.248507	163	0.582822	1.857862	837	0.248507	0.303000	0.320443	
842	0.274347	158	0.487342	1.857862	842	0.274347	0.308000	0.320363	
832	0.313702	168	0.416667	1.857862	832	0.313702	0.331000	0.320431	
840	0.321429	160	0.425000	1.857862	840	0.321429	0.338000	0.320542	
834	0.299760	166	0.518072	1.857862	834	0.299760	0.336000	0.320639	
830	0.283133	170	0.488235	1.857862	830	0.283133	0.318000	0.320623	
827	0.275695	173	0.497110	1.857862	827	0.275695	0.314000	0.320582	
840	0.307143	160	0.481250	1.857862	840	0.307143	0.335000	0.320671	
840	0.290476	160	0.506250	1.857862	840	0.290476	0.325000	0.320697	
816	0.303922	184	0.478261	1.857862	816	0.303922	0.336000	0.320791	
820	0.292683	180	0.472222	1.857862	820	0.292683	0.325000	0.320816	
803	0.286426	197	0.395939	1.857862	803	0.286426	0.308000	0.320739	
802	0.291771	198	0.464646	1.857862	802	0.291771	0.326000	0.320771	
852	0.306338	148	0.547297	1.857862	852	0.306338	0.342000	0.320897	
836	0.277512	164	0.487805	1.857862	836	0.277512	0.312000	0.320844	
835	0.301796	165	0.430303	1.857862	835	0.301796	0.323000	0.320857	
826	0.307506	174	0.534483	1.857862	826	0.307506	0.347000	0.321010	
848	0.318396	152	0.578947	1.857862	848	0.318396	0.358000	0.321225	
820	0.332927	180	0.438889	1.857862	820	0.332927	0.352000	0.321403	
828	0.285024	172	0.441860	1.857862	828	0.285024	0.312000	0.321349	
830	0.321687	170	0.405882	1.857862	830	0.321687	0.336000	0.321432	
833	0.255702	167	0.473054	1.857862	833	0.255702	0.292000	0.321265	
819	0.289377	181	0.563536	1.857862	819	0.289377	0.339000	0.321365	
821	0.322777	179	0.469274	1.857862	821	0.322777	0.349000	0.321521	
813	0.323493	187	0.641711	1.857862	813	0.323493	0.383000	0.321864	
825	0.269091	175	0.360000	1.857862	825	0.269091	0.285000	0.321659	
812	0.295567	188	0.484043	1.857862	812	0.295567	0.331000	0.321711	
839	0.315852	161	0.496894	1.857862	839	0.315852	0.345000	0.321839	
838	0.307876	162	0.549383	1.857862	838	0.307876	0.347000	0.321976	
829	0.283474	171	0.637427	1.857862	829	0.283474	0.344000	0.322096	
813	0.279213	187	0.534759	1.857862	813	0.279213	0.327000	0.322123	
818	0.304401	182	0.417582	1.857862	818	0.304401	0.325000	0.322138	
826	0.261501	174	0.505747	1.857862	826	0.261501	0.304000	0.322041	
831	0.251504	169	0.497041	1.857862	831	0.251504	0.293000	0.321887	
826	0.291768	174	0.522989	1.857862	826	0.291768	0.332000	0.321940	
849	0.282686	151	0.536424	1.857862	849	0.282686	0.321000	0.321935	
820	0.285366	180	0.561111	1.857862	820	0.285366	0.335000	0.322004	
842	0.302850	158	0.424051	1.857862	842	0.302850	0.322000	0.322004	
827	0.324063	173	0.479769	1.857862	827	0.324063	0.351000	0.322154	
841	0.258026	159	0.603774	1.857862	841	0.258026	0.313000	0.322107	
831	0.269555	169	0.556213	1.857862	831	0.269555	0.318000	0.322086	
815	0.330061	185	0.502703	1.857862	815	0.330061	0.362000	0.322289	
829	0.290712	171	0.461988	1.857862	829	0.290712	0.320000	0.322278	
826	0.303874	174	0.494253	1.857862	826	0.303874	0.337000	0.322352	
818	0.300733	182	0.472527	1.857862	818	0.300733	0.332000	0.322400	
828	0.324879	172	0.395349	1.857862	828	0.324879	0.337000	0.322473	
836	0.284689	164	0.378049	1.857862	836	0.284689	0.300000	0.322362	
809	0.281829	191	0.623037	1.857862	809	0.281829	0.347000	0.322484	
828	0.291063	172	0.482558	1.857862	828	0.291063	0.324000	0.322491	
823	0.278250	177	0.457627	1.857862	823	0.278250	0.310000	0.322430	
815	0.272393	185	0.518919	1.857862	815	0.272393	0.318000	0.322408	
829	0.287093	171	0.508772	1.857862	829	0.287093	0.325000	0.322421	
834	0.312950	166	0.409639	1.857862	834	0.312950	0.329000	0.322453	
828	0.277778	172	0.441860	1.857862	828	0.277778	0.306000	0.322373	
804	0.314677	196	0.530612	1.857862	804	0.314677	0.357000	0.322539	
820	0.315854	180	0.466667	1.857862	820	0.315854	0.343000	0.322637	
831	0.256318	169	0.485207	1.857862	831	0.256318	0.295000	0.322506	
845	0.304142	155	0.529032	1.857862	845	0.304142	0.339000	0.322583	
832	0.284856	168	0.428571	1.857862	832	0.284856	0.309000	0.322520	
811	0.282367	189	0.529101	1.857862	811	0.282367	0.329000	0.322550	
816	0.324755	184	0.478261	1.857862	816	0.324755	0.353000	0.322692	
824	0.316748	176	0.409091	1.857862	824	0.316748	0.333000	0.322739	
817	0.264382	183	0.546448	1.857862	817	0.264382	0.316000	0.322708	
836	0.273923	164	0.426829	1.857862	836	0.273923	0.299000	0.322599	
843	0.296560	157	0.528662	1.857862	843	0.296560	0.333000	0.322647	
852	0.318075	148	0.412162	1.857862	852	0.318075	0.332000	0.322689	
841	0.292509	159	0.534591	1.857862	841	0.292509	0.331000	0.322727	
845	0.306509	155	0.483871	1.857862	845	0.306509	0.334000	0.322778	
809	0.278121	191	0.481675	1.857862	809	0.278121	0.317000	0.322752	
793	0.300126	207	0.458937	1.857862	793	0.300126	0.333000	0.322798	
828	0.266908	172	0.476744	1.857862	828	0.266908	0.303000	0.322710	
840	0.282143	160	0.475000	1.857862	840	0.282143	0.313000	0.322667	
803	0.264010	197	0.446701	1.857862	803	0.264010	0.300000	0.322567	
821	0.280146	179	0.463687	1.857862	821	0.280146	0.313000	0.322525	
811	0.270037	189	0.428571	1.857862	811	0.270037	0.300000	0.322427	
816	0.314951	184	0.342391	1.857862	816	0.314951	0.320000	0.322416	
830	0.285542	170	0.452941	1.857862	830	0.285542	0.314000	0.322380	
837	0.258065	163	0.441718	1.857862	837	0.258065	0.288000	0.322231	
852	0.267606	148	0.500000	1.857862	852	0.267606	0.302000	0.322145	
842	0.295724	158	0.569620	1.857862	842	0.295724	0.339000	0.322217	
819	0.344322	181	0.502762	1.857862	819	0.344322	0.373000	0.322433	
823	0.278250	177	0.502825	1.857862	823	0.278250	0.318000	0.322414	
808	0.294554	192	0.479167	1.857862	808	0.294554	0.330000	0.322446	
847	0.308146	153	0.444444	1.857862	847	0.308146	0.329000	0.322473	
843	0.269276	157	0.452229	1.857862	843	0.269276	0.298000	0.322371	
830	0.267470	170	0.494118	1.857862	830	0.267470	0.306000	0.322303	
816	0.246324	184	0.630435	1.857862	816	0.246324	0.317000	0.322281	
825	0.283636	175	0.462857	1.857862	825	0.283636	0.315000	0.322251	
821	0.294762	179	0.519553	1.857862	821	0.294762	0.335000	0.322303	
814	0.272727	186	0.478495	1.857862	814	0.272727	0.311000	0.322257	
846	0.304965	154	0.487013	1.857862	846	0.304965	0.333000	0.322301	
820	0.260976	180	0.416667	1.857862	820	0.260976	0.289000	0.322165	
833	0.314526	167	0.502994	1.857862	833	0.314526	0.346000	0.322262	
821	0.295981	179	0.385475	1.857862	821	0.295981	0.312000	0.322220	
833	0.308523	167	0.485030	1.857862	833	0.308523	0.338000	0.322284	
820	0.282927	180	0.588889	1.857862	820	0.282927	0.338000	0.322347	
833	0.322929	167	0.413174	1.857862	833	0.322929	0.338000	0.322409	
835	0.311377	165	0.418182	1.857862	835	0.311377	0.329000	0.322435	
833	0.304922	167	0.431138	1.857862	833	0.304922	0.326000	0.322449	
830	0.286747	170	0.552941	1.857862	830	0.286747	0.332000	0.322487	
837	0.289128	163	0.533742	1.857862	837	0.289128	0.329000	0.322512	
831	0.300842	169	0.502959	1.857862	831	0.300842	0.335000	0.322561	
837	0.279570	163	0.417178	1.857862	837	0.279570	0.302000	0.322481	
826	0.286925	174	0.442529	1.857862	826	0.286925	0.314000	0.322448	
816	0.322304	184	0.418478	1.857862	816	0.322304	0.340000	0.322516	
803	0.249066	197	0.497462	1.857862	803	0.249066	0.298000	0.322422	
839	0.294398	161	0.496894	1.857862	839	0.294398	0.327000	0.322439	
809	0.328801	191	0.455497	1.857862	809	0.328801	0.353000	0.322556	
835	0.294611	165	0.436364	1.857862	835	0.294611	0.318000	0.322539	
827	0.298670	173	0.560694	1.857862	827	0.298670	0.344000	0.322620	
850	0.298824	150	0.546667	1.857862	850	0.298824	0.336000	0.322670	
820	0.271951	180	0.483333	1.857862	820	0.271951	0.310000	0.322623	
833	0.288115	167	0.526946	1.857862	833	0.288115	0.328000	0.322643	
834	0.275779	166	0.433735	1.857862	834	0.275779	0.302000	0.322566	
805	0.289441	195	0.492308	1.857862	805	0.289441	0.329000	0.322590	
839	0.271752	161	0.559006	1.857862	839	0.271752	0.318000	0.322573	
816	0.283088	184	0.565217	1.857862	816	0.283088	0.335000	0.322619	
826	0.294189	174	0.379310	1.857862	826	0.294189	0.309000	0.322569	
844	0.306872	156	0.435897	1.857862	844	0.306872	0.327000	0.322585	
848	0.275943	152	0.440789	1.857862	848	0.275943	0.301000	0.322506	
850	0.297647	150	0.433333	1.857862	850	0.297647	0.318000	0.322490	
841	0.305589	159	0.540881	1.857862	841	0.305589	0.343000	0.322564	
843	0.296560	157	0.356688	1.857862	843	0.296560	0.306000	0.322504	
825	0.312727	175	0.354286	1.857862	825	0.312727	0.320000	0.322495	
818	0.287286	182	0.384615	1.857862	818	0.287286	0.305000	0.322433	
826	0.319613	174	0.436782	1.857862	826	0.319613	0.340000	0.322495	
823	0.291616	177	0.440678	1.857862	823	0.291616	0.318000	0.322479	
832	0.288462	168	0.547619	1.857862	832	0.288462	0.332000	0.322513	
818	0.292176	182	0.549451	1.857862	818	0.292176	0.339000	0.322571	
834	0.297362	166	0.530120	1.857862	834	0.297362	0.336000	0.322619	
823	0.297691	177	0.451977	1.857862	823	0.297691	0.325000	0.322627	
833	0.260504	167	0.526946	1.857862	833	0.260504	0.305000	0.322565	
826	0.283293	174	0.500000	1.857862	826	0.283293	0.321000	0.322560	
838	0.316229	162	0.555556	1.857862	838	0.316229	0.355000	0.322672	
839	0.245530	161	0.459627	1.857862	839	0.245530	0.280000	0.322525	
815	0.257669	185	0.383784	1.857862	815	0.257669	0.281000	0.322382	
820	0.256098	180	0.466667	1.857862	820	0.256098	0.294000	0.322284	
819	0.310134	181	0.552486	1.857862	819	0.310134	0.354000	0.322393	
831	0.312876	169	0.396450	1.857862	831	0.312876	0.327000	0.322408	
854	0.266979	146	0.541096	1.857862	854	0.266979	0.307000	0.322356	
818	0.320293	182	0.428571	1.857862	818	0.320293	0.340000	0.322416	
825	0.303030	175	0.508571	1.857862	825	0.303030	0.339000	0.322472	
808	0.272277	192	0.489583	1.857862	808	0.272277	0.314000	0.322443	
811	0.273736	189	0.439153	1.857862	811	0.273736	0.305000	0.322385	
822	0.313869	178	0.539326	1.857862	822	0.313869	0.354000	0.322491	
834	0.292566	166	0.409639	1.857862	834	0.292566	0.312000	0.322456	
841	0.321046	159	0.572327	1.857862	841	0.321046	0.361000	0.322584	
814	0.282555	186	0.440860	1.857862	814	0.282555	0.312000	0.322549	
819	0.302808	181	0.480663	1.857862	819	0.302808	0.335000	0.322590	
828	0.328502	172	0.598837	1.857862	828	0.328502	0.375000	0.322762	
824	0.322816	176	0.477273	1.857862	824	0.322816	0.350000	0.322851	
816	0.292892	184	0.576087	1.857862	816	0.292892	0.345000	0.322924	
826	0.318402	174	0.425287	1.857862	826	0.318402	0.337000	0.322970	
833	0.296519	167	0.526946	1.857862	833	0.296519	0.335000	0.323009	
852	0.302817	148	0.445946	1.857862	852	0.302817	0.324000	0.323012	
821	0.305725	179	0.430168	1.857862	821	0.305725	0.328000	0.323028	
830	0.277108	170	0.435294	1.857862	830	0.277108	0.304000	0.322967	
836	0.328947	164	0.481707	1.857862	836	0.328947	0.354000	0.323066	
810	0.286420	190	0.536842	1.857862	810	0.286420	0.334000	0.323101	
804	0.294776	196	0.479592	1.857862	804	0.294776	0.331000	0.323126	
805	0.268323	195	0.502564	1.857862	805	0.268323	0.314000	0.323097	
805	0.294410	195	0.523077	1.857862	805	0.294410	0.339000	0.323148	
814	0.308354	186	0.516129	1.857862	814	0.308354	0.347000	0.323223	
799	0.284105	201	0.492537	1.857862	799	0.284105	0.326000	0.323232	
822	0.281022	178	0.455056	1.857862	822	0.281022	0.312000	0.323196	
829	0.291918	171	0.345029	1.857862	829	0.291918	0.301000	0.323127	
829	0.287093	171	0.514620	1.857862	829	0.287093	0.326000	0.323136	
817	0.299878	183	0.519126	1.857862	817	0.299878	0.340000	0.323188	
826	0.277240	174	0.551724	1.857862	826	0.277240	0.325000	0.323194	
828	0.293478	172	0.465116	1.857862	828	0.293478	0.323000	0.323193	
824	0.303398	176	0.517045	1.857862	824	0.303398	0.341000	0.323248	
835	0.267066	165	0.533333	1.857862	835	0.267066	0.311000	0.323211	
794	0.278338	206	0.485437	1.857862	794	0.278338	0.321000	0.323204	
808	0.268564	192	0.536458	1.857862	808	0.268564	0.320000	0.323194	
851	0.319624	149	0.489933	1.857862	851	0.319624	0.345000	0.323260	
821	0.282582	179	0.525140	1.857862	821	0.282582	0.326000	0.323269	
797	0.262233	203	0.541872	1.857862	797	0.262233	0.319000	0.323256	
829	0.264174	171	0.432749	1.857862	829	0.264174	0.293000	0.323165	
817	0.247246	183	0.502732	1.857862	817	0.247246	0.294000	0.323077	
828	0.278986	172	0.401163	1.857862	828	0.278986	0.300000	0.323008	
845	0.272189	155	0.419355	1.857862	845	0.272189	0.295000	0.322924	
836	0.299043	164	0.518293	1.857862	836	0.299043	0.335000	0.322960	
814	0.272727	186	0.559140	1.857862	814	0.272727	0.326000	0.322969	
803	0.288917	197	0.477157	1.857862	803	0.288917	0.326000	0.322978	
823	0.294046	177	0.485876	1.857862	823	0.294046	0.328000	0.322993	
829	0.271411	171	0.502924	1.857862	829	0.271411	0.311000	0.322958	
829	0.324487	171	0.514620	1.857862	829	0.324487	0.357000	0.323058	
830	0.302410	170	0.500000	1.857862	830	0.302410	0.336000	0.323096	
832	0.304087	168	0.500000	1.857862	832	0.304087	0.337000	0.323136	
816	0.258578	184	0.472826	1.857862	816	0.258578	0.298000	0.323063	
835	0.277844	165	0.600000	1.857862	835	0.277844	0.331000	0.323086	
800	0.297500	200	0.525000	1.857862	800	0.297500	0.343000	0.323144	
814	0.303440	186	0.510753	1.857862	814	0.303440	0.342000	0.323198	
834	0.274580	166	0.500000	1.857862	834	0.274580	0.312000	0.323166	
831	0.287605	169	0.473373	1.857862	831	0.287605	0.319000	0.323154	
832	0.295673	168	0.583333	1.857862	832	0.295673	0.344000	0.323213	
801	0.338327	199	0.356784	1.857862	801	0.338327	0.342000	0.323267	
852	0.295775	148	0.587838	1.857862	852	0.295775	0.339000	0.323312	
829	0.290712	171	0.508772	1.857862	829	0.290712	0.328000	0.323325	
814	0.318182	186	0.516129	1.857862	814	0.318182	0.355000	0.323414	
830	0.319277	170	0.488235	1.857862	830	0.319277	0.348000	0.323484	
837	0.295102	163	0.546012	1.857862	837	0.295102	0.336000	0.323519	
815	0.288344	185	0.562162	1.857862	815	0.288344	0.339000	0.323562	
829	0.312425	171	0.380117	1.857862	829	0.312425	0.324000	0.323563	
830	0.303614	170	0.405882	1.857862	830	0.303614	0.321000	0.323556	
814	0.282555	186	0.473118	1.857862	814	0.282555	0.318000	0.323541	
827	0.287787	173	0.364162	1.857862	827	0.287787	0.301000	0.323478	
819	0.301587	181	0.458564	1.857862	819	0.301587	0.330000	0.323496	
822	0.285888	178	0.471910	1.857862	822	0.285888	0.319000	0.323484	
808	0.246287	192	0.494792	1.857862	808	0.246287	0.294000	0.323403	
837	0.247312	163	0.392638	1.857862	837	0.247312	0.271000	0.323259	
810	0.307407	190	0.463158	1.857862	810	0.307407	0.337000	0.323297	
829	0.325694	171	0.538012	1.857862	829	0.325694	0.362000	0.323402	
806	0.334988	194	0.520619	1.857862	806	0.334988	0.371000	0.323532	
829	0.285887	171	0.315789	1.857862	829	0.285887	0.291000	0.323444	
815	0.314110	185	0.535135	1.857862	815	0.314110	0.355000	0.323529	
831	0.264741	169	0.491124	1.857862	831	0.264741	0.303000	0.323474	
796	0.332915	204	0.504902	1.857862	796	0.332915	0.368000	0.323593	
822	0.283455	178	0.573034	1.857862	822	0.283455	0.335000	0.323624	
839	0.301549	161	0.503106	1.857862	839	0.301549	0.334000	0.323652	
831	0.290012	169	0.431953	1.857862	831	0.290012	0.314000	0.323626	
820	0.274390	180	0.377778	1.857862	820	0.274390	0.293000	0.323544	
804	0.250000	196	0.418367	1.857862	804	0.250000	0.283000	0.323437	
828	0.294686	172	0.441860	1.857862	828	0.294686	0.320000	0.323428	
813	0.309963	187	0.556150	1.857862	813	0.309963	0.356000	0.323514	
835	0.312575	165	0.490909	1.857862	835	0.312575	0.342000	0.323562	
842	0.258907	158	0.588608	1.857862	842	0.258907	0.311000	0.323529	
836	0.320574	164	0.524390	1.857862	836	0.320574	0.354000	0.323609	
838	0.275656	162	0.592593	1.857862	838	0.275656	0.327000	0.323618	
840	0.322619	160	0.512500	1.857862	840	0.322619	0.353000	0.323694	
874	0.260870	126	0.460317	1.857862	874	0.260870	0.286000	0.323597	
841	0.266350	159	0.345912	1.857862	841	0.266350	0.279000	0.323481	
818	0.294621	182	0.543956	1.857862	818	0.294621	0.340000	0.323524	
820	0.273171	180	0.516667	1.857862	820	0.273171	0.317000	0.323507	
826	0.288136	174	0.482759	1.857862	826	0.288136	0.322000	0.323503	
837	0.295102	163	0.582822	1.857862	837	0.295102	0.342000	0.323550	
806	0.285360	194	0.556701	1.857862	806	0.285360	0.338000	0.323587	
788	0.242386	212	0.476415	1.857862	788	0.242386	0.292000	0.323507	
822	0.307786	178	0.353933	1.857862	822	0.307786	0.316000	0.323488	
822	0.301703	178	0.544944	1.857862	822	0.301703	0.345000	0.323542	
812	0.332512	188	0.446809	1.857862	812	0.332512	0.354000	0.323619	
830	0.287952	170	0.552941	1.857862	830	0.287952	0.333000	0.323643	
837	0.262843	163	0.546012	1.857862	837	0.262843	0.309000	0.323606	
853	0.298945	147	0.442177	1.857862	853	0.298945	0.320000	0.323597	
823	0.257594	177	0.485876	1.857862	823	0.257594	0.298000	0.323533	
789	0.316857	211	0.431280	1.857862	789	0.316857	0.341000	0.323577	
798	0.285714	202	0.500000	1.857862	798	0.285714	0.329000	0.323590	
807	0.292441	193	0.575130	1.857862	807	0.292441	0.347000	0.323648	
822	0.267640	178	0.505618	1.857862	822	0.267640	0.310000	0.323615	
824	0.339806	176	0.386364	1.857862	824	0.339806	0.348000	0.323675	
815	0.274847	185	0.535135	1.857862	815	0.274847	0.323000	0.323673	
816	0.294118	184	0.494565	1.857862	816	0.294118	0.331000	0.323691	
849	0.292108	151	0.384106	1.857862	849	0.292108	0.306000	0.323648	
841	0.302021	159	0.433962	1.857862	841	0.302021	0.323000	0.323646	
824	0.302184	176	0.556818	1.857862	824	0.302184	0.347000	0.323703	
829	0.284680	171	0.461988	1.857862	829	0.284680	0.315000	0.323682	
832	0.302885	168	0.500000	1.857862	832	0.302885	0.336000	0.323712	
805	0.308075	195	0.600000	1.857862	805	0.308075	0.365000	0.323812	
799	0.324155	201	0.547264	1.857862	799	0.324155	0.369000	0.323922	
821	0.270402	179	0.513966	1.857862	821	0.270402	0.314000	0.323898	
810	0.332099	190	0.442105	1.857862	810	0.332099	0.353000	0.323968	
806	0.287841	194	0.525773	1.857862	806	0.287841	0.334000	0.323992	
787	0.318933	213	0.436620	1.857862	787	0.318933	0.344000	0.324040	
830	0.312048	170	0.494118	1.857862	830	0.312048	0.343000	0.324085	
843	0.321471	157	0.566879	1.857862	843	0.321471	0.360000	0.324171	
832	0.247596	168	0.458333	1.857862	832	0.247596	0.283000	0.324073	
812	0.262315	188	0.436170	1.857862	812	0.262315	0.295000	0.324004	
808	0.304455	192	0.458333	1.857862	808	0.304455	0.334000	0.324028	
833	0.284514	167	0.502994	1.857862	833	0.284514	0.321000	0.324021	
823	0.318348	177	0.485876	1.857862	823	0.318348	0.348000	0.324077	
833	0.290516	167	0.497006	1.857862	833	0.290516	0.325000	0.324079	
853	0.288394	147	0.482993	1.857862	853	0.288394	0.317000	0.324063	
812	0.273399	188	0.500000	1.857862	812	0.273399	0.316000	0.324044	
832	0.287260	168	0.440476	1.857862	832	0.287260	0.313000	0.324018	
830	0.260241	170	0.458824	1.857862	830	0.260241	0.294000	0.323948	
807	0.280050	193	0.440415	1.857862	807	0.280050	0.311000	0.323918	
819	0.296703	181	0.486188	1.857862	819	0.296703	0.331000	0.323934	
856	0.283879	144	0.430556	1.857862	856	0.283879	0.305000	0.323890	
811	0.315660	189	0.534392	1.857862	811	0.315660	0.357000	0.323967	
812	0.312808	188	0.430851	1.857862	812	0.312808	0.335000	0.323992	
842	0.311164	158	0.354430	1.857862	842	0.311164	0.318000	0.323979	
807	0.241636	193	0.393782	1.857862	807	0.241636	0.271000	0.323857	
838	0.311456	162	0.395062	1.857862	838	0.311456	0.325000	0.323860	
829	0.248492	171	0.502924	1.857862	829	0.248492	0.292000	0.323787	
852	0.271127	148	0.547297	1.857862	852	0.271127	0.312000	0.323760	
848	0.277123	152	0.401316	1.857862	848	0.277123	0.296000	0.323697	
843	0.290629	157	0.477707	1.857862	843	0.290629	0.320000	0.323689	
839	0.311085	161	0.484472	1.857862	839	0.311085	0.339000	0.323723	
837	0.295102	163	0.533742	1.857862	837	0.295102	0.334000	0.323746	
834	0.302158	166	0.608434	1.857862	834	0.302158	0.353000	0.323812	
816	0.290441	184	0.402174	1.857862	816	0.290441	0.311000	0.323784	
817	0.294982	183	0.415301	1.857862	817	0.294982	0.317000	0.323768	
827	0.321644	173	0.473988	1.857862	827	0.321644	0.348000	0.323823	
830	0.284337	170	0.470588	1.857862	830	0.284337	0.316000	0.323805	
832	0.246394	168	0.452381	1.857862	832	0.246394	0.281000	0.323710	
850	0.289412	150	0.540000	1.857862	850	0.289412	0.327000	0.323717	
839	0.278903	161	0.527950	1.857862	839	0.278903	0.319000	0.323707	
816	0.325980	184	0.489130	1.857862	816	0.325980	0.356000	0.323778	
857	0.284714	143	0.475524	1.857862	857	0.284714	0.312000	0.323752	
815	0.272393	185	0.383784	1.857862	815	0.272393	0.293000	0.323684	
810	0.292593	190	0.526316	1.857862	810	0.292593	0.337000	0.323714	
811	0.309494	189	0.386243	1.857862	811	0.309494	0.324000	0.323714	
858	0.308858	142	0.598592	1.857862	858	0.308858	0.350000	0.323772	
839	0.315852	161	0.521739	1.857862	839	0.315852	0.349000	0.323827	
820	0.284146	180	0.555556	1.857862	820	0.284146	0.333000	0.323847	
825	0.307879	175	0.605714	1.857862	825	0.307879	0.360000	0.323925	
835	0.297006	165	0.472727	1.857862	835	0.297006	0.326000	0.323930	
838	0.291169	162	0.623457	1.857862	838	0.291169	0.345000	0.323975	
826	0.313559	174	0.500000	1.857862	826	0.313559	0.346000	0.324023	
832	0.326923	168	0.416667	1.857862	832	0.326923	0.342000	0.324062	
813	0.284133	187	0.497326	1.857862	813	0.284133	0.324000	0.324062	
840	0.258333	160	0.437500	1.857862	840	0.258333	0.287000	0.323982	
820	0.321951	180	0.600000	1.857862	820	0.321951	0.372000	0.324085	
835	0.306587	165	0.496970	1.857862	835	0.306587	0.338000	0.324115	
873	0.301260	127	0.488189	1.857862	873	0.301260	0.325000	0.324117	
811	0.283600	189	0.492063	1.857862	811	0.283600	0.323000	0.324114	
816	0.237745	184	0.543478	1.857862	816	0.237745	0.294000	0.324050	
824	0.347087	176	0.437500	1.857862	824	0.347087	0.363000	0.324133	
839	0.296782	161	0.490683	1.857862	839	0.296782	0.328000	0.324141	
843	0.276394	157	0.407643	1.857862	843	0.276394	0.297000	0.324084	
837	0.264038	163	0.539877	1.857862	837	0.264038	0.309000	0.324052	
827	0.274486	173	0.445087	1.857862	827	0.274486	0.304000	0.324010	
857	0.298716	143	0.552448	1.857862	857	0.298716	0.335000	0.324033	
839	0.289631	161	0.422360	1.857862	839	0.289631	0.311000	0.324006	
813	0.286593	187	0.497326	1.857862	813	0.286593	0.326000	0.324010	
818	0.264059	182	0.516484	1.857862	818	0.264059	0.310000	0.323981	
829	0.282268	171	0.479532	1.857862	829	0.282268	0.316000	0.323964	
806	0.300248	194	0.489691	1.857862	806	0.300248	0.337000	0.323991	
827	0.320435	173	0.583815	1.857862	827	0.320435	0.366000	0.324078	
846	0.284870	154	0.487013	1.857862	846	0.284870	0.316000	0.324061	
832	0.289663	168	0.458333	1.857862	832	0.289663	0.318000	0.324049	
806	0.300248	194	0.463918	1.857862	806	0.300248	0.332000	0.324065	
826	0.315981	174	0.551724	1.857862	826	0.315981	0.357000	0.324133	
832	0.286058	168	0.517857	1.857862	832	0.286058	0.325000	0.324135	
840	0.321429	160	0.512500	1.857862	840	0.321429	0.352000	0.324192	
826	0.242131	174	0.557471	1.857862	826	0.242131	0.297000	0.324136	
826	0.282082	174	0.327586	1.857862	826	0.282082	0.290000	0.324067	
810	0.277778	190	0.442105	1.857862	810	0.277778	0.309000	0.324036	
839	0.272944	161	0.521739	1.857862	839	0.272944	0.313000	0.324014	
856	0.289720	144	0.444444	1.857862	856	0.289720	0.312000	0.323989	
838	0.264916	162	0.438272	1.857862	838	0.264916	0.293000	0.323927	
813	0.289053	187	0.529412	1.857862	813	0.289053	0.334000	0.323947	
816	0.287990	184	0.543478	1.857862	816	0.287990	0.335000	0.323969	
821	0.305725	179	0.581006	1.857862	821	0.305725	0.355000	0.324031	
830	0.316867	170	0.588235	1.857862	830	0.316867	0.363000	0.324110	
843	0.282325	157	0.541401	1.857862	843	0.282325	0.323000	0.324107	
836	0.303828	164	0.439024	1.857862	836	0.303828	0.326000	0.324111	
823	0.331713	177	0.474576	1.857862	823	0.331713	0.357000	0.324177	
833	0.295318	167	0.520958	1.857862	833	0.295318	0.333000	0.324194	
843	0.291815	157	0.496815	1.857862	843	0.291815	0.324000	0.324194	
834	0.326139	166	0.409639	1.857862	834	0.326139	0.340000	0.324225	
818	0.321516	182	0.505495	1.857862	818	0.321516	0.355000	0.324286	
831	0.315283	169	0.455621	1.857862	831	0.315283	0.339000	0.324315	
827	0.301088	173	0.456647	1.857862	827	0.301088	0.328000	0.324322	
843	0.279953	157	0.426752	1.857862	843	0.279953	0.303000	0.324280	
822	0.304136	178	0.466292	1.857862	822	0.304136	0.333000	0.324297	
855	0.284211	145	0.503448	1.857862	855	0.284211	0.316000	0.324281	
848	0.257075	152	0.552632	1.857862	848	0.257075	0.302000	0.324238	
853	0.283705	147	0.476190	1.857862	853	0.283705	0.312000	0.324214	
828	0.301932	172	0.505814	1.857862	828	0.301932	0.337000	0.324239	
846	0.309693	154	0.493506	1.857862	846	0.309693	0.338000	0.324265	
813	0.257073	187	0.518717	1.857862	813	0.257073	0.306000	0.324230	
830	0.320482	170	0.376471	1.857862	830	0.320482	0.330000	0.324241	
824	0.256068	176	0.528409	1.857862	824	0.256068	0.304000	0.324202	
823	0.309842	177	0.474576	1.857862	823	0.309842	0.339000	0.324231	
827	0.295042	173	0.537572	1.857862	827	0.295042	0.337000	0.324255	
824	0.290049	176	0.482955	1.857862	824	0.290049	0.324000	0.324255	
845	0.260355	155	0.587097	1.857862	845	0.260355	0.311000	0.324229	
822	0.273723	178	0.528090	1.857862	822	0.273723	0.319000	0.324219	
856	0.271028	144	0.395833	1.857862	856	0.271028	0.289000	0.324152	
830	0.242169	170	0.382353	1.857862	830	0.242169	0.266000	0.324041	
837	0.254480	163	0.423313	1.857862	837	0.254480	0.282000	0.323961	
814	0.316953	186	0.473118	1.857862	814	0.316953	0.346000	0.324003	
838	0.256563	162	0.493827	1.857862	838	0.256563	0.295000	0.323948	
828	0.280193	172	0.441860	1.857862	828	0.280193	0.308000	0.323918	
817	0.280294	183	0.546448	1.857862	817	0.280294	0.329000	0.323928	
824	0.320388	176	0.414773	1.857862	824	0.320388	0.337000	0.323952	
811	0.284834	189	0.497354	1.857862	811	0.284834	0.325000	0.323954	
827	0.285369	173	0.549133	1.857862	827	0.285369	0.331000	0.323967	
839	0.281287	161	0.347826	1.857862	839	0.281287	0.292000	0.323908	
848	0.271226	152	0.440789	1.857862	848	0.271226	0.297000	0.323857	
833	0.262905	167	0.502994	1.857862	833	0.262905	0.303000	0.323818	
831	0.277978	169	0.526627	1.857862	831	0.277978	0.320000	0.323811	
825	0.304242	175	0.434286	1.857862	825	0.304242	0.327000	0.323817	
822	0.272506	178	0.438202	1.857862	822	0.272506	0.302000	0.323777	
825	0.322424	175	0.508571	1.857862	825	0.322424	0.355000	0.323835	
848	0.301887	152	0.500000	1.857862	848	0.301887	0.332000	0.323850	
841	0.290131	159	0.509434	1.857862	841	0.290131	0.325000	0.323852	
836	0.275120	164	0.536585	1.857862	836	0.275120	0.318000	0.323841	
831	0.321300	169	0.497041	1.857862	831	0.321300	0.351000	0.323891	
837	0.292712	163	0.533742	1.857862	837	0.292712	0.332000	0.323906	
805	0.313043	195	0.487179	1.857862	805	0.313043	0.347000	0.323948	
819	0.277167	181	0.580110	1.857862	819	0.277167	0.332000	0.323963	
834	0.269784	166	0.524096	1.857862	834	0.269784	0.312000	0.323941	
822	0.287105	178	0.640449	1.857862	822	0.287105	0.350000	0.323988	
836	0.283493	164	0.597561	1.857862	836	0.283493	0.335000	0.324009	
811	0.313194	189	0.423280	1.857862	811	0.313194	0.334000	0.324027	
804	0.309701	196	0.500000	1.857862	804	0.309701	0.347000	0.324068	
840	0.294048	160	0.562500	1.857862	840	0.294048	0.337000	0.324092	
811	0.297164	189	0.566138	1.857862	811	0.297164	0.348000	0.324135	
801	0.297129	199	0.557789	1.857862	801	0.297129	0.349000	0.324180	
809	0.279357	191	0.471204	1.857862	809	0.279357	0.316000	0.324165	
814	0.299754	186	0.451613	1.857862	814	0.299754	0.328000	0.324172	
822	0.306569	178	0.398876	1.857862	822	0.306569	0.323000	0.324170	
846	0.265957	154	0.558442	1.857862	846	0.265957	0.311000	0.324146	
813	0.290283	187	0.524064	1.857862	813	0.290283	0.334000	0.324164	
823	0.289186	177	0.480226	1.857862	823	0.289186	0.323000	0.324162	
841	0.277051	159	0.572327	1.857862	841	0.277051	0.324000	0.324161	
818	0.292176	182	0.543956	1.857862	818	0.292176	0.338000	0.324186	
847	0.279811	153	0.457516	1.857862	847	0.279811	0.307000	0.324155	
810	0.338272	190	0.484211	1.857862	810	0.338272	0.366000	0.324230	
809	0.288010	191	0.596859	1.857862	809	0.288010	0.347000	0.324270	
831	0.323706	169	0.526627	1.857862	831	0.323706	0.358000	0.324329	
836	0.296651	164	0.560976	1.857862	836	0.296651	0.340000	0.324357	
824	0.287621	176	0.505682	1.857862	824	0.287621	0.326000	0.324360	
812	0.280788	188	0.531915	1.857862	812	0.280788	0.328000	0.324366	
828	0.293478	172	0.436047	1.857862	828	0.293478	0.318000	0.324355	
820	0.296341	180	0.500000	1.857862	820	0.296341	0.333000	0.324370	
816	0.253676	184	0.521739	1.857862	816	0.253676	0.303000	0.324333	
832	0.290865	168	0.369048	1.857862	832	0.290865	0.304000	0.324297	
804	0.272388	196	0.489796	1.857862	804	0.272388	0.315000	0.324281	
799	0.312891	201	0.462687	1.857862	799	0.312891	0.343000	0.324314	
811	0.305795	189	0.412698	1.857862	811	0.305795	0.326000	0.324317	
825	0.326061	175	0.491429	1.857862	825	0.326061	0.355000	0.324370	
839	0.289631	161	0.459627	1.857862	839	0.289631	0.317000	0.324357	
816	0.284314	184	0.500000	1.857862	816	0.284314	0.324000	0.324356	
824	0.281553	176	0.517045	1.857862	824	0.281553	0.323000	0.324354	
812	0.256158	188	0.356383	1.857862	812	0.256158	0.275000	0.324269	
838	0.280430	162	0.561728	1.857862	838	0.280430	0.326000	0.324272	
842	0.304038	158	0.474684	1.857862	842	0.304038	0.331000	0.324284	
838	0.248210	162	0.530864	1.857862	838	0.248210	0.294000	0.324232	
822	0.282238	178	0.505618	1.857862	822	0.282238	0.322000	0.324228	
809	0.321384	191	0.560209	1.857862	809	0.321384	0.367000	0.324301	
854	0.291569	146	0.410959	1.857862	854	0.291569	0.309000	0.324275	
826	0.307506	174	0.540230	1.857862	826	0.307506	0.348000	0.324315	
853	0.301290	147	0.544218	1.857862	853	0.301290	0.337000	0.324337	
839	0.321812	161	0.552795	1.857862	839	0.321812	0.359000	0.324395	
800	0.288750	200	0.530000	1.857862	800	0.288750	0.337000	0.324417	
821	0.282582	179	0.452514	1.857862	821	0.282582	0.313000	0.324397	
828	0.288647	172	0.540698	1.857862	828	0.288647	0.332000	0.324410	
808	0.315594	192	0.562500	1.857862	808	0.315594	0.363000	0.324475	
820	0.274390	180	0.427778	1.857862	820	0.274390	0.302000	0.324437	
846	0.262411	154	0.525974	1.857862	846	0.262411	0.303000	0.324401	
816	0.308824	184	0.451087	1.857862	816	0.308824	0.335000	0.324419	
808	0.319307	192	0.479167	1.857862	808	0.319307	0.350000	0.324462	
838	0.286396	162	0.487654	1.857862	838	0.286396	0.319000	0.324453	
824	0.292476	176	0.585227	1.857862	824	0.292476	0.344000	0.324485	
824	0.299757	176	0.613636	1.857862	824	0.299757	0.355000	0.324536	
800	0.310000	200	0.340000	1.857862	800	0.310000	0.316000	0.324522	
820	0.298780	180	0.544444	1.857862	820	0.298780	0.343000	0.324552	
815	0.325153	185	0.524324	1.857862	815	0.325153	0.362000	0.324614	
808	0.273515	192	0.536458	1.857862	808	0.273515	0.324000	0.324613	
827	0.282950	173	0.497110	1.857862	827	0.282950	0.320000	0.324606	
835	0.300599	165	0.496970	1.857862	835	0.300599	0.333000	0.324620	
802	0.264339	198	0.429293	1.857862	802	0.264339	0.297000	0.324574	
832	0.287260	168	0.505952	1.857862	832	0.287260	0.324000	0.324573	
825	0.270303	175	0.480000	1.857862	825	0.270303	0.307000	0.324544	
817	0.282742	183	0.404372	1.857862	817	0.282742	0.305000	0.324513	
844	0.343602	156	0.500000	1.857862	844	0.343602	0.368000	0.324583	
829	0.297949	171	0.502924	1.857862	829	0.297949	0.333000	0.324597	
813	0.356704	187	0.582888	1.857862	813	0.356704	0.399000	0.324718	
842	0.293349	158	0.322785	1.857862	842	0.293349	0.298000	0.324675	
835	0.291018	165	0.545455	1.857862	835	0.291018	0.333000	0.324688	
823	0.319563	177	0.463277	1.857862	823	0.319563	0.345000	0.324721	
793	0.276166	207	0.574879	1.857862	793	0.276166	0.338000	0.324743	
833	0.303721	167	0.383234	1.857862	833	0.303721	0.317000	0.324730	
820	0.308537	180	0.533333	1.857862	820	0.308537	0.349000	0.324769	
838	0.263723	162	0.432099	1.857862	838	0.263723	0.291000	0.324715	
827	0.276904	173	0.508671	1.857862	827	0.276904	0.317000	0.324703	
830	0.267470	170	0.482353	1.857862	830	0.267470	0.304000	0.324669	
842	0.299287	158	0.417722	1.857862	842	0.299287	0.318000	0.324659	
820	0.307317	180	0.461111	1.857862	820	0.307317	0.335000	0.324675	
819	0.310134	181	0.580110	1.857862	819	0.310134	0.359000	0.324730	
850	0.296471	150	0.506667	1.857862	850	0.296471	0.328000	0.324735	
817	0.305998	183	0.333333	1.857862	817	0.305998	0.311000	0.324713	
834	0.257794	166	0.355422	1.857862	834	0.257794	0.274000	0.324633	
852	0.257042	148	0.574324	1.857862	852	0.257042	0.304000	0.324600	
850	0.308235	150	0.393333	1.857862	850	0.308235	0.321000	0.324594	
822	0.304136	178	0.376404	1.857862	822	0.304136	0.317000	0.324582	
812	0.285714	188	0.478723	1.857862	812	0.285714	0.322000	0.324578	
811	0.287300	189	0.486772	1.857862	811	0.287300	0.325000	0.324579	
831	0.317690	169	0.467456	1.857862	831	0.317690	0.343000	0.324608	
828	0.263285	172	0.488372	1.857862	828	0.263285	0.302000	0.324572	
826	0.277240	174	0.333333	1.857862	826	0.277240	0.287000	0.324514	
807	0.299876	193	0.481865	1.857862	807	0.299876	0.335000	0.324530	
817	0.313341	183	0.480874	1.857862	817	0.313341	0.344000	0.324560	
829	0.288299	171	0.368421	1.857862	829	0.288299	0.302000	0.324525	
836	0.295455	164	0.432927	1.857862	836	0.295455	0.318000	0.324515	
848	0.312500	152	0.421053	1.857862	848	0.312500	0.329000	0.324522	
825	0.298182	175	0.445714	1.857862	825	0.298182	0.324000	0.324521	
804	0.296020	196	0.474490	1.857862	804	0.296020	0.331000	0.324531	
826	0.272397	174	0.436782	1.857862	826	0.272397	0.301000	0.324495	
843	0.315540	157	0.515924	1.857862	843	0.315540	0.347000	0.324530	
856	0.302570	144	0.513889	1.857862	856	0.302570	0.333000	0.324543	
823	0.290401	177	0.480226	1.857862	823	0.290401	0.324000	0.324542	
842	0.266033	158	0.487342	1.857862	842	0.266033	0.301000	0.324506	
834	0.308153	166	0.518072	1.857862	834	0.308153	0.343000	0.324534	
847	0.272727	153	0.529412	1.857862	847	0.272727	0.312000	0.324515	
830	0.273494	170	0.464706	1.857862	830	0.273494	0.306000	0.324486	
801	0.260924	199	0.532663	1.857862	801	0.260924	0.315000	0.324472	
830	0.273494	170	0.588235	1.857862	830	0.273494	0.327000	0.324476	
835	0.281437	165	0.569697	1.857862	835	0.281437	0.329000	0.324483	
821	0.293544	179	0.530726	1.857862	821	0.293544	0.336000	0.324500	
852	0.255869	148	0.445946	1.857862	852	0.255869	0.284000	0.324439	
833	0.285714	167	0.329341	1.857862	833	0.285714	0.293000	0.324391	
835	0.288623	165	0.503030	1.857862	835	0.288623	0.324000	0.324390	
818	0.308068	182	0.554945	1.857862	818	0.308068	0.353000	0.324434	
825	0.298182	175	0.468571	1.857862	825	0.298182	0.328000	0.324439	
835	0.294611	165	0.442424	1.857862	835	0.294611	0.319000	0.324431	
845	0.275740	155	0.541935	1.857862	845	0.275740	0.317000	0.324420	
828	0.297101	172	0.406977	1.857862	828	0.297101	0.316000	0.324407	
828	0.282609	172	0.465116	1.857862	828	0.282609	0.314000	0.324391	
809	0.244747	191	0.465969	1.857862	809	0.244747	0.287000	0.324335	
809	0.304079	191	0.586387	1.857862	809	0.304079	0.358000	0.324386	
813	0.296433	187	0.422460	1.857862	813	0.296433	0.320000	0.324379	
812	0.286946	188	0.590426	1.857862	812	0.286946	0.344000	0.324408	
818	0.287286	182	0.565934	1.857862	818	0.287286	0.338000	0.324429	
834	0.282974	166	0.427711	1.857862	834	0.282974	0.307000	0.324403	
803	0.267746	197	0.538071	1.857862	803	0.267746	0.321000	0.324398	
834	0.290168	166	0.445783	1.857862	834	0.290168	0.316000	0.324385	
840	0.267857	160	0.350000	1.857862	840	0.267857	0.281000	0.324321	
823	0.302552	177	0.457627	1.857862	823	0.302552	0.330000	0.324329	
831	0.336943	169	0.360947	1.857862	831	0.336943	0.341000	0.324354	
826	0.292978	174	0.494253	1.857862	826	0.292978	0.328000	0.324359	
842	0.318290	158	0.398734	1.857862	842	0.318290	0.331000	0.324369	
816	0.284314	184	0.429348	1.857862	816	0.284314	0.311000	0.324350	
844	0.292654	156	0.410256	1.857862	844	0.292654	0.311000	0.324330	
826	0.268765	174	0.482759	1.857862	826	0.268765	0.306000	0.324303	
836	0.299043	164	0.475610	1.857862	836	0.299043	0.328000	0.324308	
821	0.280146	179	0.486034	1.857862	821	0.280146	0.317000	0.324298	
819	0.269841	181	0.414365	1.857862	819	0.269841	0.296000	0.324256	
811	0.288533	189	0.439153	1.857862	811	0.288533	0.317000	0.324246	
832	0.302885	168	0.476190	1.857862	832	0.302885	0.332000	0.324257	
825	0.320000	175	0.434286	1.857862	825	0.320000	0.340000	0.324280	
835	0.292216	165	0.412121	1.857862	835	0.292216	0.312000	0.324262	
829	0.299156	171	0.479532	1.857862	829	0.299156	0.330000	0.324271	
846	0.335697	154	0.519481	1.857862	846	0.335697	0.364000	0.324328	
829	0.344994	171	0.584795	1.857862	829	0.344994	0.386000	0.324417	
820	0.329268	180	0.461111	1.857862	820	0.329268	0.353000	0.324458	
817	0.294982	183	0.491803	1.857862	817	0.294982	0.331000	0.324468	
828	0.276570	172	0.529070	1.857862	828	0.276570	0.320000	0.324461	
838	0.295943	162	0.444444	1.857862	838	0.295943	0.320000	0.324455	
834	0.310552	166	0.596386	1.857862	834	0.310552	0.358000	0.324503	
836	0.271531	164	0.579268	1.857862	836	0.271531	0.322000	0.324500	
839	0.268176	161	0.540373	1.857862	839	0.268176	0.312000	0.324482	
837	0.301075	163	0.466258	1.857862	837	0.301075	0.328000	0.324487	
824	0.287621	176	0.545455	1.857862	824	0.287621	0.333000	0.324499	
819	0.272283	181	0.436464	1.857862	819	0.272283	0.302000	0.324467	
827	0.304716	173	0.410405	1.857862	827	0.304716	0.323000	0.324465	
828	0.306763	172	0.505814	1.857862	828	0.306763	0.341000	0.324488	
830	0.289157	170	0.405882	1.857862	830	0.289157	0.309000	0.324466	
816	0.286765	184	0.592391	1.857862	816	0.286765	0.343000	0.324492	
841	0.280618	159	0.597484	1.857862	841	0.280618	0.331000	0.324502	
832	0.296875	168	0.464286	1.857862	832	0.296875	0.325000	0.324502	
822	0.283455	178	0.494382	1.857862	822	0.283455	0.321000	0.324497	
841	0.299643	159	0.446541	1.857862	841	0.299643	0.323000	0.324495	
834	0.275779	166	0.481928	1.857862	834	0.275779	0.310000	0.324475	
837	0.286738	163	0.546012	1.857862	837	0.286738	0.329000	0.324481	
815	0.307975	185	0.427027	1.857862	815	0.307975	0.330000	0.324489	
822	0.296837	178	0.471910	1.857862	822	0.296837	0.328000	0.324494	
795	0.286792	205	0.404878	1.857862	795	0.286792	0.311000	0.324475	
827	0.285369	173	0.514451	1.857862	827	0.285369	0.325000	0.324476	
846	0.295508	154	0.448052	1.857862	846	0.295508	0.319000	0.324468	
812	0.304187	188	0.457447	1.857862	812	0.304187	0.333000	0.324480	
823	0.306197	177	0.457627	1.857862	823	0.306197	0.333000	0.324492	
826	0.292978	174	0.545977	1.857862	826	0.292978	0.337000	0.324509	
834	0.300959	166	0.487952	1.857862	834	0.300959	0.332000	0.324520	
839	0.314660	161	0.484472	1.857862	839	0.314660	0.342000	0.324544	
836	0.266746	164	0.451220	1.857862	836	0.266746	0.297000	0.324506	
830	0.273494	170	0.552941	1.857862	830	0.273494	0.321000	0.324501	
830	0.293976	170	0.500000	1.857862	830	0.293976	0.329000	0.324507	
817	0.321909	183	0.508197	1.857862	817	0.321909	0.356000	0.324551	
829	0.290712	171	0.497076	1.857862	829	0.290712	0.326000	0.324553	
840	0.258333	160	0.518750	1.857862	840	0.258333	0.300000	0.324519	
838	0.309069	162	0.580247	1.857862	838	0.309069	0.353000	0.324558	
830	0.273494	170	0.482353	1.857862	830	0.273494	0.309000	0.324537	
806	0.306452	194	0.520619	1.857862	806	0.306452	0.348000	0.324569	
836	0.320574	164	0.506098	1.857862	836	0.320574	0.351000	0.324605	
807	0.275093	193	0.569948	1.857862	807	0.275093	0.332000	0.324615	
824	0.308252	176	0.585227	1.857862	824	0.308252	0.357000	0.324659	
835	0.280240	165	0.460606	1.857862	835	0.280240	0.310000	0.324639	
826	0.284504	174	0.528736	1.857862	826	0.284504	0.327000	0.324642	
818	0.272616	182	0.384615	1.857862	818	0.272616	0.293000	0.324599	
799	0.306633	201	0.378109	1.857862	799	0.306633	0.321000	0.324594	
810	0.291358	190	0.478947	1.857862	810	0.291358	0.327000	0.324598	
807	0.278810	193	0.461140	1.857862	807	0.278810	0.314000	0.324583	
831	0.311673	169	0.455621	1.857862	831	0.311673	0.336000	0.324599	
821	0.291108	179	0.513966	1.857862	821	0.291108	0.331000	0.324607	
818	0.298289	182	0.532967	1.857862	818	0.298289	0.341000	0.324629	
837	0.302270	163	0.466258	1.857862	837	0.302270	0.329000	0.324635	
822	0.304136	178	0.511236	1.857862	822	0.304136	0.341000	0.324657	
856	0.297897	144	0.430556	1.857862	856	0.297897	0.317000	0.324647	
833	0.297719	167	0.455090	1.857862	833	0.297719	0.324000	0.324646	
835	0.294611	165	0.418182	1.857862	835	0.294611	0.315000	0.324633	
844	0.299763	156	0.493590	1.857862	844	0.299763	0.330000	0.324640	
820	0.273171	180	0.533333	1.857862	820	0.273171	0.320000	0.324634	
823	0.346294	177	0.553672	1.857862	823	0.346294	0.383000	0.324712	
829	0.318456	171	0.473684	1.857862	829	0.318456	0.345000	0.324739	
822	0.301703	178	0.438202	1.857862	822	0.301703	0.326000	0.324741	
833	0.253301	167	0.574850	1.857862	833	0.253301	0.307000	0.324717	
846	0.328605	154	0.512987	1.857862	846	0.328605	0.357000	0.324760	
804	0.339552	196	0.500000	1.857862	804	0.339552	0.371000	0.324821	
833	0.292917	167	0.491018	1.857862	833	0.292917	0.326000	0.324823	
828	0.297101	172	0.511628	1.857862	828	0.297101	0.334000	0.324835	
832	0.307692	168	0.422619	1.857862	832	0.307692	0.327000	0.324838	
843	0.288256	157	0.522293	1.857862	843	0.288256	0.325000	0.324838	
839	0.271752	161	0.478261	1.857862	839	0.271752	0.305000	0.324812	
840	0.285714	160	0.475000	1.857862	840	0.285714	0.316000	0.324800	
819	0.305250	181	0.502762	1.857862	819	0.305250	0.341000	0.324821	
838	0.260143	162	0.518519	1.857862	838	0.260143	0.302000	0.324791	
818	0.275061	182	0.500000	1.857862	818	0.275061	0.316000	0.324780	
834	0.267386	166	0.469880	1.857862	834	0.267386	0.301000	0.324749	
828	0.328502	172	0.482558	1.857862	828	0.328502	0.355000	0.324788	
836	0.290670	164	0.573171	1.857862	836	0.290670	0.337000	0.324804	
840	0.314286	160	0.518750	1.857862	840	0.314286	0.347000	0.324833	
819	0.275946	181	0.541436	1.857862	819	0.275946	0.324000	0.324832	
837	0.318996	163	0.374233	1.857862	837	0.318996	0.328000	0.324836	
813	0.323493	187	0.508021	1.857862	813	0.323493	0.358000	0.324879	
841	0.284185	159	0.540881	1.857862	841	0.284185	0.325000	0.324879	
814	0.305897	186	0.548387	1.857862	814	0.305897	0.351000	0.324913	
822	0.295620	178	0.477528	1.857862	822	0.295620	0.328000	0.324917	
817	0.280294	183	0.426230	1.857862	817	0.280294	0.307000	0.324894	
812	0.279557	188	0.404255	1.857862	812	0.279557	0.303000	0.324866	
832	0.281250	168	0.535714	1.857862	832	0.281250	0.324000	0.324865	
818	0.317848	182	0.505495	1.857862	818	0.317848	0.352000	0.324899	
818	0.294621	182	0.450549	1.857862	818	0.294621	0.323000	0.324897	
840	0.277381	160	0.543750	1.857862	840	0.277381	0.320000	0.324891	
810	0.301235	190	0.547368	1.857862	810	0.301235	0.348000	0.324920	
821	0.289890	179	0.497207	1.857862	821	0.289890	0.327000	0.324923	
811	0.286067	189	0.502646	1.857862	811	0.286067	0.327000	0.324926	
820	0.284146	180	0.505556	1.857862	820	0.284146	0.324000	0.324924	
808	0.275990	192	0.468750	1.857862	808	0.275990	0.313000	0.324909	
820	0.308537	180	0.355556	1.857862	820	0.308537	0.317000	0.324899	
830	0.277108	170	0.417647	1.857862	830	0.277108	0.301000	0.324869	
820	0.292683	180	0.483333	1.857862	820	0.292683	0.327000	0.324872	
840	0.258333	160	0.412500	1.857862	840	0.258333	0.283000	0.324819	
825	0.266667	175	0.382857	1.857862	825	0.266667	0.287000	0.324771	
844	0.238152	156	0.570513	1.857862	844	0.238152	0.290000	0.324727	
831	0.274368	169	0.473373	1.857862	831	0.274368	0.308000	0.324706	
829	0.289505	171	0.473684	1.857862	829	0.289505	0.321000	0.324701	
820	0.307317	180	0.511111	1.857862	820	0.307317	0.344000	0.324725	
821	0.304507	179	0.536313	1.857862	821	0.304507	0.346000	0.324752	
836	0.287081	164	0.530488	1.857862	836	0.287081	0.327000	0.324755	
807	0.313507	193	0.471503	1.857862	807	0.313507	0.344000	0.324779	
849	0.255595	151	0.476821	1.857862	849	0.255595	0.289000	0.324734	
817	0.259486	183	0.464481	1.857862	817	0.259486	0.297000	0.324700	
836	0.308612	164	0.378049	1.857862	836	0.308612	0.320000	0.324694	
816	0.284314	184	0.592391	1.857862	816	0.284314	0.341000	0.324714	
848	0.287736	152	0.513158	1.857862	848	0.287736	0.322000	0.324711	
804	0.282338	196	0.520408	1.857862	804	0.282338	0.329000	0.324716	
826	0.297821	174	0.362069	1.857862	826	0.297821	0.309000	0.324696	
821	0.264312	179	0.402235	1.857862	821	0.264312	0.289000	0.324652	
824	0.283981	176	0.511364	1.857862	824	0.283981	0.324000	0.324651	
830	0.285542	170	0.417647	1.857862	830	0.285542	0.308000	0.324631	
818	0.282396	182	0.538462	1.857862	818	0.282396	0.329000	0.324636	
858	0.266900	142	0.570423	1.857862	858	0.266900	0.310000	0.324618	
830	0.337349	170	0.529412	1.857862	830	0.337349	0.370000	0.324674	
851	0.279671	149	0.489933	1.857862	851	0.279671	0.311000	0.324657	
846	0.300236	154	0.493506	1.857862	846	0.300236	0.330000	0.324664	
819	0.285714	181	0.491713	1.857862	819	0.285714	0.323000	0.324662	
837	0.271207	163	0.490798	1.857862	837	0.271207	0.307000	0.324640	
810	0.312346	190	0.457895	1.857862	810	0.312346	0.340000	0.324659	
831	0.282792	169	0.491124	1.857862	831	0.282792	0.318000	0.324651	
835	0.304192	165	0.527273	1.857862	835	0.304192	0.341000	0.324671	
807	0.246592	193	0.476684	1.857862	807	0.246592	0.291000	0.324630	
815	0.301840	185	0.459459	1.857862	815	0.301840	0.331000	0.324637	
833	0.292917	167	0.317365	1.857862	833	0.292917	0.297000	0.324604	
829	0.328106	171	0.444444	1.857862	829	0.328106	0.348000	0.324632	
826	0.306295	174	0.448276	1.857862	826	0.306295	0.331000	0.324640	
816	0.278186	184	0.423913	1.857862	816	0.278186	0.305000	0.324616	
821	0.277710	179	0.469274	1.857862	821	0.277710	0.312000	0.324601	
822	0.284672	178	0.561798	1.857862	822	0.284672	0.334000	0.324612	
829	0.287093	171	0.339181	1.857862	829	0.287093	0.296000	0.324578	
824	0.282767	176	0.607955	1.857862	824	0.282767	0.340000	0.324596	
821	0.300853	179	0.553073	1.857862	821	0.300853	0.346000	0.324622	
837	0.289128	163	0.460123	1.857862	837	0.289128	0.317000	0.324613	
836	0.271531	164	0.506098	1.857862	836	0.271531	0.310000	0.324595	
826	0.331719	174	0.494253	1.857862	826	0.331719	0.360000	0.324638	
809	0.304079	191	0.408377	1.857862	809	0.304079	0.324000	0.324637	
836	0.326555	164	0.414634	1.857862	836	0.326555	0.341000	0.324657	
809	0.296663	191	0.591623	1.857862	809	0.296663	0.353000	0.324691	
823	0.304982	177	0.525424	1.857862	823	0.304982	0.344000	0.324714	
842	0.338480	158	0.512658	1.857862	842	0.338480	0.366000	0.324763	
822	0.305353	178	0.466292	1.857862	822	0.305353	0.334000	0.324774	
820	0.264634	180	0.533333	1.857862	820	0.264634	0.313000	0.324760	
816	0.280637	184	0.521739	1.857862	816	0.280637	0.325000	0.324760	
817	0.320685	183	0.491803	1.857862	817	0.320685	0.352000	0.324793	
836	0.306220	164	0.475610	1.857862	836	0.306220	0.334000	0.324804	
821	0.316687	179	0.491620	1.857862	821	0.316687	0.348000	0.324831	
835	0.286228	165	0.533333	1.857862	835	0.286228	0.327000	0.324834	
838	0.280430	162	0.481481	1.857862	838	0.280430	0.313000	0.324820	
816	0.302696	184	0.516304	1.857862	816	0.302696	0.342000	0.324840	
833	0.270108	167	0.473054	1.857862	833	0.270108	0.304000	0.324815	
830	0.327711	170	0.476471	1.857862	830	0.327711	0.353000	0.324849	
825	0.295758	175	0.497143	1.857862	825	0.295758	0.331000	0.324856	
821	0.308161	179	0.525140	1.857862	821	0.308161	0.347000	0.324882	
823	0.296476	177	0.564972	1.857862	823	0.296476	0.344000	0.324904	
841	0.296076	159	0.446541	1.857862	841	0.296076	0.320000	0.324899	
826	0.334140	174	0.494253	1.857862	826	0.334140	0.362000	0.324942	
809	0.268232	191	0.560209	1.857862	809	0.268232	0.324000	0.324941	
843	0.251483	157	0.458599	1.857862	843	0.251483	0.284000	0.324893	
814	0.304668	186	0.526882	1.857862	814	0.304668	0.346000	0.324918	
836	0.270335	164	0.365854	1.857862	836	0.270335	0.286000	0.324872	
826	0.278450	174	0.477011	1.857862	826	0.278450	0.313000	0.324859	
816	0.313725	184	0.456522	1.857862	816	0.313725	0.340000	0.324876	
833	0.297719	167	0.544910	1.857862	833	0.297719	0.339000	0.324893	
830	0.293976	170	0.411765	1.857862	830	0.293976	0.314000	0.324880	
839	0.286055	161	0.341615	1.857862	839	0.286055	0.295000	0.324845	
839	0.277712	161	0.515528	1.857862	839	0.277712	0.316000	0.324835	
828	0.304348	172	0.500000	1.857862	828	0.304348	0.338000	0.324850	
826	0.300242	174	0.396552	1.857862	826	0.300242	0.317000	0.324841	
830	0.304819	170	0.470588	1.857862	830	0.304819	0.333000	0.324851	
849	0.329800	151	0.496689	1.857862	849	0.329800	0.355000	0.324885	
827	0.330109	173	0.416185	1.857862	827	0.330109	0.345000	0.324909	
823	0.317132	177	0.435028	1.857862	823	0.317132	0.338000	0.324924	
833	0.278511	167	0.550898	1.857862	833	0.278511	0.324000	0.324923	
817	0.286414	183	0.431694	1.857862	817	0.286414	0.313000	0.324909	
821	0.294762	179	0.491620	1.857862	821	0.294762	0.330000	0.324915	
825	0.298182	175	0.577143	1.857862	825	0.298182	0.347000	0.324940	
832	0.287260	168	0.583333	1.857862	832	0.287260	0.337000	0.324954	
842	0.301663	158	0.512658	1.857862	842	0.301663	0.335000	0.324965	
822	0.298054	178	0.511236	1.857862	822	0.298054	0.336000	0.324978	
834	0.288969	166	0.572289	1.857862	834	0.288969	0.336000	0.324991	
833	0.288115	167	0.532934	1.857862	833	0.288115	0.329000	0.324995	
833	0.286915	167	0.425150	1.857862	833	0.286915	0.310000	0.324978	
836	0.303828	164	0.475610	1.857862	836	0.303828	0.332000	0.324986	
846	0.271868	154	0.415584	1.857862	846	0.271868	0.294000	0.324951	
823	0.308627	177	0.519774	1.857862	823	0.308627	0.346000	0.324975	
834	0.286571	166	0.524096	1.857862	834	0.286571	0.326000	0.324976	
809	0.315204	191	0.486911	1.857862	809	0.315204	0.348000	0.325002	
816	0.276961	184	0.418478	1.857862	816	0.276961	0.303000	0.324977	
833	0.337335	167	0.491018	1.857862	833	0.337335	0.363000	0.325020	
807	0.255266	193	0.305699	1.857862	807	0.255266	0.265000	0.324952	
837	0.308244	163	0.429448	1.857862	837	0.308244	0.328000	0.324956	
834	0.293765	166	0.457831	1.857862	834	0.293765	0.321000	0.324951	
833	0.318127	167	0.455090	1.857862	833	0.318127	0.341000	0.324969	
826	0.303874	174	0.448276	1.857862	826	0.303874	0.329000	0.324974	
806	0.289082	194	0.417526	1.857862	806	0.289082	0.314000	0.324962	
840	0.280952	160	0.462500	1.857862	840	0.280952	0.310000	0.324945	
816	0.286765	184	0.429348	1.857862	816	0.286765	0.313000	0.324931	
852	0.266432	148	0.587838	1.857862	852	0.266432	0.314000	0.324919	
841	0.280618	159	0.610063	1.857862	841	0.280618	0.333000	0.324928	
823	0.262454	177	0.463277	1.857862	823	0.262454	0.298000	0.324898	
833	0.288115	167	0.550898	1.857862	833	0.288115	0.332000	0.324906	
826	0.230024	174	0.505747	1.857862	826	0.230024	0.278000	0.324854	
817	0.286414	183	0.535519	1.857862	817	0.286414	0.332000	0.324862	
822	0.285888	178	0.432584	1.857862	822	0.285888	0.312000	0.324848	
838	0.310263	162	0.481481	1.857862	838	0.310263	0.338000	0.324862	
841	0.284185	159	0.484277	1.857862	841	0.284185	0.316000	0.324852	
813	0.311193	187	0.540107	1.857862	813	0.311193	0.354000	0.324885	
820	0.268293	180	0.488889	1.857862	820	0.268293	0.308000	0.324866	
793	0.319042	207	0.512077	1.857862	793	0.319042	0.359000	0.324904	
819	0.304029	181	0.486188	1.857862	819	0.304029	0.337000	0.324917	
815	0.306748	185	0.464865	1.857862	815	0.306748	0.336000	0.324929	
819	0.284493	181	0.419890	1.857862	819	0.284493	0.309000	0.324912	
816	0.285539	184	0.538043	1.857862	816	0.285539	0.332000	0.324919	
817	0.281518	183	0.480874	1.857862	817	0.281518	0.318000	0.324912	
821	0.302071	179	0.474860	1.857862	821	0.302071	0.333000	0.324921	
818	0.270171	182	0.428571	1.857862	818	0.270171	0.299000	0.324892	
829	0.289505	171	0.444444	1.857862	829	0.289505	0.316000	0.324883	
848	0.284198	152	0.506579	1.857862	848	0.284198	0.318000	0.324875	
836	0.275120	164	0.542683	1.857862	836	0.275120	0.319000	0.324869	
829	0.275030	171	0.567251	1.857862	829	0.275030	0.325000	0.324869	
811	0.310727	189	0.529101	1.857862	811	0.310727	0.352000	0.324898	
842	0.343230	158	0.379747	1.857862	842	0.343230	0.349000	0.324925	
821	0.309379	179	0.486034	1.857862	821	0.309379	0.341000	0.324942	
845	0.281657	155	0.490323	1.857862	845	0.281657	0.314000	0.324930	
826	0.271186	174	0.505747	1.857862	826	0.271186	0.312000	0.324916	
848	0.258255	152	0.421053	1.857862	848	0.258255	0.283000	0.324871	
824	0.322816	176	0.488636	1.857862	824	0.322816	0.352000	0.324900	
854	0.283372	146	0.513699	1.857862	854	0.283372	0.317000	0.324892	
823	0.287971	177	0.480226	1.857862	823	0.287971	0.322000	0.324888	
826	0.297821	174	0.609195	1.857862	826	0.297821	0.352000	0.324918	
821	0.308161	179	0.446927	1.857862	821	0.308161	0.333000	0.324926	
824	0.277913	176	0.443182	1.857862	824	0.277913	0.307000	0.324907	
834	0.303357	166	0.530120	1.857862	834	0.303357	0.341000	0.324924	
824	0.270631	176	0.465909	1.857862	824	0.270631	0.305000	0.324903	
839	0.272944	161	0.391304	1.857862	839	0.272944	0.292000	0.324868	
817	0.281518	183	0.486339	1.857862	817	0.281518	0.319000	0.324861	
829	0.283474	171	0.520468	1.857862	829	0.283474	0.324000	0.324860	
801	0.300874	199	0.552764	1.857862	801	0.300874	0.351000	0.324888	
826	0.289346	174	0.448276	1.857862	826	0.289346	0.317000	0.324880	
834	0.306954	166	0.481928	1.857862	834	0.306954	0.336000	0.324892	
828	0.268116	172	0.482558	1.857862	828	0.268116	0.305000	0.324871	
847	0.292798	153	0.431373	1.857862	847	0.292798	0.314000	0.324859	
828	0.252415	172	0.459302	1.857862	828	0.252415	0.288000	0.324820	
840	0.260714	160	0.531250	1.857862	840	0.260714	0.304000	0.324798	
826	0.267554	174	0.522989	1.857862	826	0.267554	0.312000	0.324784	
826	0.286925	174	0.390805	1.857862	826	0.286925	0.305000	0.324763	
841	0.267539	159	0.408805	1.857862	841	0.267539	0.290000	0.324726	
832	0.270433	168	0.446429	1.857862	832	0.270433	0.300000	0.324700	
851	0.289072	149	0.422819	1.857862	851	0.289072	0.309000	0.324684	
832	0.305288	168	0.482143	1.857862	832	0.305288	0.335000	0.324694	
839	0.261025	161	0.515528	1.857862	839	0.261025	0.302000	0.324671	
828	0.306763	172	0.500000	1.857862	828	0.306763	0.340000	0.324687	
816	0.267157	184	0.494565	1.857862	816	0.267157	0.309000	0.324670	
814	0.294840	186	0.365591	1.857862	814	0.294840	0.308000	0.324653	
817	0.248470	183	0.551913	1.857862	817	0.248470	0.304000	0.324631	
827	0.290206	173	0.520231	1.857862	827	0.290206	0.330000	0.324637	
824	0.274272	176	0.500000	1.857862	824	0.274272	0.314000	0.324625	
833	0.272509	167	0.508982	1.857862	833	0.272509	0.312000	0.324612	
823	0.273390	177	0.581921	1.857862	823	0.273390	0.328000	0.324616	
802	0.331671	198	0.409091	1.857862	802	0.331671	0.347000	0.324639	
827	0.320435	173	0.497110	1.857862	827	0.320435	0.351000	0.324667	
829	0.285887	171	0.561404	1.857862	829	0.285887	0.333000	0.324675	
831	0.303249	169	0.414201	1.857862	831	0.303249	0.322000	0.324673	
845	0.250888	155	0.438710	1.857862	845	0.250888	0.280000	0.324626	
847	0.269185	153	0.581699	1.857862	847	0.269185	0.317000	0.324618	
841	0.260404	159	0.471698	1.857862	841	0.260404	0.294000	0.324586	
828	0.317633	172	0.517442	1.857862	828	0.317633	0.352000	0.324615	
836	0.273923	164	0.396341	1.857862	836	0.273923	0.294000	0.324583	
819	0.313797	181	0.447514	1.857862	819	0.313797	0.338000	0.324597	
816	0.305147	184	0.565217	1.857862	816	0.305147	0.353000	0.324626	
838	0.270883	162	0.555556	1.857862	838	0.270883	0.317000	0.324618	
836	0.276316	164	0.341463	1.857862	836	0.276316	0.287000	0.324580	
848	0.292453	152	0.500000	1.857862	848	0.292453	0.324000	0.324579	
812	0.252463	188	0.569149	1.857862	812	0.252463	0.312000	0.324566	
814	0.297297	186	0.360215	1.857862	814	0.297297	0.309000	0.324550	
812	0.323892	188	0.478723	1.857862	812	0.323892	0.353000	0.324579	
819	0.295482	181	0.580110	1.857862	819	0.295482	0.347000	0.324602	
830	0.268675	170	0.500000	1.857862	830	0.268675	0.308000	0.324585	
824	0.276699	176	0.579545	1.857862	824	0.276699	0.330000	0.324591	
823	0.308627	177	0.542373	1.857862	823	0.308627	0.350000	0.324617	
821	0.282582	179	0.396648	1.857862	821	0.282582	0.303000	0.324595	
827	0.286578	173	0.375723	1.857862	827	0.286578	0.302000	0.324572	
828	0.264493	172	0.517442	1.857862	828	0.264493	0.308000	0.324555	
838	0.298329	162	0.469136	1.857862	838	0.298329	0.326000	0.324556	
830	0.313253	170	0.435294	1.857862	830	0.313253	0.334000	0.324566	
833	0.296519	167	0.461078	1.857862	833	0.296519	0.324000	0.324565	
803	0.290162	197	0.527919	1.857862	803	0.290162	0.337000	0.324578	
811	0.329223	189	0.428571	1.857862	811	0.329223	0.348000	0.324602	
788	0.285533	212	0.481132	1.857862	788	0.285533	0.327000	0.324604	
811	0.302096	189	0.428571	1.857862	811	0.302096	0.326000	0.324606	
796	0.267588	204	0.485294	1.857862	796	0.267588	0.312000	0.324593	
832	0.296875	168	0.404762	1.857862	832	0.296875	0.315000	0.324583	
821	0.282582	179	0.497207	1.857862	821	0.282582	0.321000	0.324579	
828	0.304348	172	0.482558	1.857862	828	0.304348	0.335000	0.324590	
842	0.292162	158	0.474684	1.857862	842	0.292162	0.321000	0.324586	
824	0.252427	176	0.471591	1.857862	824	0.252427	0.291000	0.324553	
850	0.282353	150	0.413333	1.857862	850	0.282353	0.302000	0.324530	
841	0.277051	159	0.364780	1.857862	841	0.277051	0.291000	0.324496	
832	0.276442	168	0.500000	1.857862	832	0.276442	0.314000	0.324486	
837	0.324970	163	0.552147	1.857862	837	0.324970	0.362000	0.324523	
836	0.288278	164	0.384146	1.857862	836	0.288278	0.304000	0.324503	
823	0.272175	177	0.502825	1.857862	823	0.272175	0.313000	0.324491	
828	0.278986	172	0.418605	1.857862	828	0.278986	0.303000	0.324470	
821	0.319123	179	0.491620	1.857862	821	0.319123	0.350000	0.324495	
814	0.294840	186	0.473118	1.857862	814	0.294840	0.328000	0.324499	
835	0.297006	165	0.569697	1.857862	835	0.297006	0.342000	0.324516	
823	0.317132	177	0.525424	1.857862	823	0.317132	0.354000	0.324545	
825	0.315152	175	0.571429	1.857862	825	0.315152	0.360000	0.324581	
834	0.323741	166	0.487952	1.857862	834	0.323741	0.351000	0.324607	
830	0.307229	170	0.411765	1.857862	830	0.307229	0.325000	0.324607	
835	0.275449	165	0.490909	1.857862	835	0.275449	0.311000	0.324594	
821	0.291108	179	0.402235	1.857862	821	0.291108	0.311000	0.324580	
817	0.298654	183	0.415301	1.857862	817	0.298654	0.320000	0.324576	
