Default schedule
Rate	83.33
Tree Move	16.67
Rate Tried	% Accepted	Tree Move Tried	% Accepted	Rates - Dev	Rates - Tried	Rates - Accepted	Sample Ave Acceptance	Total Ave Acceptance	
840	0.202381	160	0.375000	2.213858	840	0.202381	0.230000	0.206981	
823	0.255164	177	0.502825	2.213858	823	0.255164	0.299000	0.214649	
825	0.247273	175	0.440000	2.213858	825	0.247273	0.281000	0.219752	
835	0.262275	165	0.345455	2.213858	835	0.262275	0.276000	0.223770	
842	0.266033	158	0.208861	2.213858	842	0.266033	0.257000	0.225985	
859	0.239814	141	0.347518	2.213858	859	0.239814	0.255000	0.227798	
828	0.262077	172	0.418605	2.213858	828	0.262077	0.289000	0.231398	
862	0.292343	138	0.413043	2.213858	862	0.292343	0.309000	0.235709	
842	0.251781	158	0.436709	2.213858	842	0.251781	0.281000	0.238093	
831	0.253911	169	0.402367	2.213858	831	0.253911	0.279000	0.240138	
833	0.246098	167	0.532934	2.213858	833	0.246098	0.294000	0.242703	
834	0.260192	166	0.361446	2.213858	834	0.260192	0.277000	0.244262	
845	0.240237	155	0.470968	2.213858	845	0.240237	0.276000	0.245641	
814	0.234644	186	0.424731	2.213858	814	0.234644	0.270000	0.246656	
818	0.257946	182	0.258242	2.213858	818	0.257946	0.258000	0.247110	
849	0.250883	151	0.271523	2.213858	849	0.250883	0.254000	0.247375	
818	0.271394	182	0.346154	2.213858	818	0.271394	0.285000	0.248769	
833	0.296519	167	0.508982	2.213858	833	0.296519	0.332000	0.251741	
818	0.246944	182	0.494505	2.213858	818	0.246944	0.292000	0.253129	
856	0.278037	144	0.395833	2.213858	856	0.278037	0.295000	0.254525	
814	0.270270	186	0.322581	2.213858	814	0.270270	0.280000	0.255347	
864	0.269676	136	0.470588	2.213858	864	0.269676	0.297000	0.256648	
839	0.295590	161	0.422360	2.213858	839	0.295590	0.316000	0.258447	
855	0.269006	145	0.537931	2.213858	855	0.269006	0.308000	0.259904	
874	0.262014	126	0.460317	2.213858	874	0.262014	0.287000	0.260678	
845	0.247337	155	0.464516	2.213858	845	0.247337	0.281000	0.261243	
871	0.233065	129	0.558140	2.213858	871	0.233065	0.275000	0.261615	
849	0.260306	151	0.410596	2.213858	849	0.260306	0.283000	0.262177	
832	0.290865	168	0.321429	2.213858	832	0.290865	0.296000	0.263045	
855	0.254971	145	0.482759	2.213858	855	0.254971	0.288000	0.263668	
821	0.271620	179	0.385475	2.213858	821	0.271620	0.292000	0.264359	
827	0.259976	173	0.248555	2.213858	827	0.259976	0.258000	0.264208	
832	0.268029	168	0.398810	2.213858	832	0.268029	0.290000	0.264808	
819	0.255189	181	0.447514	2.213858	819	0.255189	0.290000	0.265380	
842	0.273159	158	0.139241	2.213858	842	0.273159	0.252000	0.265083	
824	0.276699	176	0.312500	2.213858	824	0.276699	0.283000	0.265472	
831	0.268351	169	0.491124	2.213858	831	0.268351	0.306000	0.266335	
817	0.250918	183	0.437158	2.213858	817	0.250918	0.285000	0.266724	
861	0.229965	139	0.474820	2.213858	861	0.229965	0.264000	0.266668	
812	0.270936	188	0.510638	2.213858	812	0.270936	0.316000	0.267655	
873	0.237113	127	0.535433	2.213858	873	0.237113	0.275000	0.267799	
814	0.305897	186	0.327957	2.213858	814	0.305897	0.310000	0.268610	
810	0.270370	190	0.363158	2.213858	810	0.270370	0.288000	0.268976	
855	0.271345	145	0.468966	2.213858	855	0.271345	0.300000	0.269551	
810	0.249383	190	0.431579	2.213858	810	0.249383	0.284000	0.269813	
836	0.238038	164	0.432927	2.213858	836	0.238038	0.270000	0.269817	
842	0.260095	158	0.310127	2.213858	842	0.260095	0.268000	0.269785	
816	0.227941	184	0.326087	2.213858	816	0.227941	0.246000	0.269375	
839	0.297974	161	0.372671	2.213858	839	0.297974	0.310000	0.270063	
811	0.258940	189	0.317460	2.213858	811	0.258940	0.270000	0.270062	
813	0.242312	187	0.342246	2.213858	813	0.242312	0.261000	0.269914	
881	0.257662	119	0.453782	2.213858	881	0.257662	0.281000	0.270092	
827	0.255139	173	0.358382	2.213858	827	0.255139	0.273000	0.270139	
848	0.221698	152	0.453947	2.213858	848	0.221698	0.257000	0.269933	
810	0.285185	190	0.310526	2.213858	810	0.285185	0.290000	0.270242	
855	0.236257	145	0.455172	2.213858	855	0.236257	0.268000	0.270208	
827	0.244256	173	0.456647	2.213858	827	0.244256	0.281000	0.270369	
831	0.251504	169	0.461538	2.213858	831	0.251504	0.287000	0.270614	
864	0.299769	136	0.404412	2.213858	864	0.299769	0.314000	0.271242	
837	0.292712	163	0.331288	2.213858	837	0.292712	0.299000	0.271639	
845	0.247337	155	0.464516	2.213858	845	0.247337	0.281000	0.271771	
854	0.237705	146	0.383562	2.213858	854	0.237705	0.259000	0.271593	
828	0.272947	172	0.377907	2.213858	828	0.272947	0.291000	0.271859	
863	0.269988	137	0.620438	2.213858	863	0.269988	0.318000	0.272483	
834	0.252998	166	0.349398	2.213858	834	0.252998	0.269000	0.272436	
826	0.267554	174	0.385057	2.213858	826	0.267554	0.288000	0.272641	
838	0.298329	162	0.370370	2.213858	838	0.298329	0.310000	0.273126	
855	0.253801	145	0.372414	2.213858	855	0.253801	0.271000	0.273099	
852	0.278169	148	0.331081	2.213858	852	0.278169	0.286000	0.273262	
830	0.231325	170	0.447059	2.213858	830	0.231325	0.268000	0.273197	
838	0.242243	162	0.351852	2.213858	838	0.242243	0.260000	0.273034	
836	0.253589	164	0.390244	2.213858	836	0.253589	0.276000	0.273070	
852	0.282864	148	0.358108	2.213858	852	0.282864	0.294000	0.273322	
830	0.279518	170	0.441176	2.213858	830	0.279518	0.307000	0.273723	
815	0.317791	185	0.432432	2.213858	815	0.317791	0.339000	0.274491	
811	0.245376	189	0.412698	2.213858	811	0.245376	0.277000	0.274520	
831	0.269555	169	0.437870	2.213858	831	0.269555	0.298000	0.274790	
860	0.266279	140	0.364286	2.213858	860	0.266279	0.280000	0.274849	
825	0.241212	175	0.257143	2.213858	825	0.241212	0.244000	0.274503	
821	0.281364	179	0.324022	2.213858	821	0.281364	0.289000	0.274664	
804	0.277363	196	0.413265	2.213858	804	0.277363	0.304000	0.274986	
827	0.292624	173	0.421965	2.213858	827	0.292624	0.315000	0.275421	
828	0.250000	172	0.511628	2.213858	828	0.250000	0.295000	0.275631	
836	0.255981	164	0.420732	2.213858	836	0.255981	0.283000	0.275710	
837	0.253286	163	0.490798	2.213858	837	0.253286	0.292000	0.275881	
832	0.227163	168	0.357143	2.213858	832	0.227163	0.249000	0.275601	
837	0.290323	163	0.276074	2.213858	837	0.290323	0.288000	0.275729	
821	0.292326	179	0.407821	2.213858	821	0.292326	0.313000	0.276109	
828	0.245169	172	0.459302	2.213858	828	0.245169	0.282000	0.276169	
846	0.270686	154	0.422078	2.213858	846	0.270686	0.294000	0.276347	
827	0.249093	173	0.497110	2.213858	827	0.249093	0.292000	0.276502	
828	0.230676	172	0.534884	2.213858	828	0.230676	0.283000	0.276566	
827	0.258767	173	0.427746	2.213858	827	0.258767	0.288000	0.276677	
825	0.300606	175	0.497143	2.213858	825	0.300606	0.335000	0.277238	
839	0.221692	161	0.496894	2.213858	839	0.221692	0.266000	0.277131	
826	0.294189	174	0.402299	2.213858	826	0.294189	0.313000	0.277469	
820	0.284146	180	0.477778	2.213858	820	0.284146	0.319000	0.277857	
817	0.302326	183	0.387978	2.213858	817	0.302326	0.318000	0.278229	
813	0.212792	187	0.320856	2.213858	813	0.212792	0.233000	0.277814	
849	0.257951	151	0.430464	2.213858	849	0.257951	0.284000	0.277870	
791	0.240202	209	0.411483	2.213858	791	0.240202	0.276000	0.277853	
807	0.257745	193	0.341969	2.213858	807	0.257745	0.274000	0.277819	
845	0.284024	155	0.451613	2.213858	845	0.284024	0.310000	0.278104	
805	0.286957	195	0.425641	2.213858	805	0.286957	0.314000	0.278419	
834	0.241007	166	0.463855	2.213858	834	0.241007	0.278000	0.278415	
825	0.243636	175	0.291429	2.213858	825	0.243636	0.252000	0.278187	
835	0.243114	165	0.484848	2.213858	835	0.243114	0.283000	0.278228	
825	0.286061	175	0.365714	2.213858	825	0.286061	0.300000	0.278413	
829	0.303981	171	0.456140	2.213858	829	0.303981	0.330000	0.278846	
814	0.304668	186	0.354839	2.213858	814	0.304668	0.314000	0.279139	
841	0.244946	159	0.415094	2.213858	841	0.244946	0.272000	0.279080	
812	0.272167	188	0.303191	2.213858	812	0.272167	0.278000	0.279071	
832	0.231971	168	0.428571	2.213858	832	0.231971	0.265000	0.278957	
840	0.272619	160	0.343750	2.213858	840	0.272619	0.284000	0.278998	
846	0.239953	154	0.415584	2.213858	846	0.239953	0.267000	0.278902	
834	0.274580	166	0.102410	2.213858	834	0.274580	0.246000	0.278641	
849	0.256773	151	0.324503	2.213858	849	0.256773	0.267000	0.278549	
853	0.273154	147	0.333333	2.213858	853	0.273154	0.282000	0.278576	
844	0.295024	156	0.358974	2.213858	844	0.295024	0.305000	0.278781	
837	0.275986	163	0.404908	2.213858	837	0.275986	0.297000	0.278921	
850	0.267059	150	0.426667	2.213858	850	0.267059	0.291000	0.279013	
862	0.310905	138	0.376812	2.213858	862	0.310905	0.320000	0.279324	
833	0.248499	167	0.359281	2.213858	833	0.248499	0.267000	0.279231	
823	0.244228	177	0.525424	2.213858	823	0.244228	0.294000	0.279341	
817	0.260710	183	0.464481	2.213858	817	0.260710	0.298000	0.279479	
849	0.297998	151	0.397351	2.213858	849	0.297998	0.313000	0.279726	
841	0.256837	159	0.459119	2.213858	841	0.256837	0.289000	0.279794	
816	0.280637	184	0.429348	2.213858	816	0.280637	0.308000	0.279998	
851	0.249119	149	0.369128	2.213858	851	0.249119	0.267000	0.279904	
827	0.228537	173	0.416185	2.213858	827	0.228537	0.261000	0.279769	
835	0.238323	165	0.454545	2.213858	835	0.238323	0.274000	0.279729	
855	0.228070	145	0.482759	2.213858	855	0.228070	0.265000	0.279625	
831	0.250301	169	0.437870	2.213858	831	0.250301	0.282000	0.279641	
839	0.247914	161	0.440994	2.213858	839	0.247914	0.279000	0.279637	
812	0.262315	188	0.356383	2.213858	812	0.262315	0.280000	0.279639	
838	0.257757	162	0.493827	2.213858	838	0.257757	0.296000	0.279752	
837	0.274791	163	0.546012	2.213858	837	0.274791	0.319000	0.280019	
833	0.271309	167	0.359281	2.213858	833	0.271309	0.286000	0.280059	
839	0.231228	161	0.465839	2.213858	839	0.231228	0.269000	0.279985	
829	0.288299	171	0.497076	2.213858	829	0.288299	0.324000	0.280278	
833	0.244898	167	0.461078	2.213858	833	0.244898	0.281000	0.280283	
821	0.253350	179	0.396648	2.213858	821	0.253350	0.279000	0.280274	
836	0.267943	164	0.317073	2.213858	836	0.267943	0.276000	0.280247	
860	0.236047	140	0.528571	2.213858	860	0.236047	0.277000	0.280225	
836	0.264354	164	0.365854	2.213858	836	0.264354	0.281000	0.280230	
814	0.255528	186	0.295699	2.213858	814	0.255528	0.263000	0.280120	
821	0.295981	179	0.307263	2.213858	821	0.295981	0.298000	0.280234	
827	0.243047	173	0.398844	2.213858	827	0.243047	0.270000	0.280169	
845	0.273373	155	0.303226	2.213858	845	0.273373	0.278000	0.280155	
849	0.237927	151	0.245033	2.213858	849	0.237927	0.239000	0.279898	
813	0.284133	187	0.342246	2.213858	813	0.284133	0.295000	0.279992	
800	0.268750	200	0.420000	2.213858	800	0.268750	0.299000	0.280109	
815	0.235583	185	0.470270	2.213858	815	0.235583	0.279000	0.280103	
813	0.268143	187	0.406417	2.213858	813	0.268143	0.294000	0.280187	
832	0.237981	168	0.422619	2.213858	832	0.237981	0.269000	0.280120	
850	0.275294	150	0.346667	2.213858	850	0.275294	0.286000	0.280155	
856	0.255841	144	0.430556	2.213858	856	0.255841	0.281000	0.280160	
840	0.289286	160	0.437500	2.213858	840	0.289286	0.313000	0.280355	
857	0.263711	143	0.496503	2.213858	857	0.263711	0.297000	0.280454	
843	0.266904	157	0.547771	2.213858	843	0.266904	0.311000	0.280634	
855	0.254971	145	0.468966	2.213858	855	0.254971	0.286000	0.280665	
822	0.263990	178	0.303371	2.213858	822	0.263990	0.271000	0.280609	
823	0.269745	177	0.338983	2.213858	823	0.269745	0.282000	0.280617	
813	0.237392	187	0.417112	2.213858	813	0.237392	0.271000	0.280562	
837	0.280765	163	0.355828	2.213858	837	0.280765	0.293000	0.280633	
836	0.252392	164	0.329268	2.213858	836	0.252392	0.265000	0.280544	
838	0.297136	162	0.296296	2.213858	838	0.297136	0.297000	0.280637	
874	0.258581	126	0.650794	2.213858	874	0.258581	0.308000	0.280791	
861	0.239257	139	0.539568	2.213858	861	0.239257	0.281000	0.280792	
834	0.231415	166	0.602410	2.213858	834	0.231415	0.293000	0.280860	
819	0.235653	181	0.265193	2.213858	819	0.235653	0.241000	0.280639	
851	0.249119	149	0.288591	2.213858	851	0.249119	0.255000	0.280498	
832	0.224760	168	0.309524	2.213858	832	0.224760	0.239000	0.280272	
842	0.229216	158	0.449367	2.213858	842	0.229216	0.264000	0.280183	
813	0.248462	187	0.326203	2.213858	813	0.248462	0.263000	0.280090	
814	0.269042	186	0.263441	2.213858	814	0.269042	0.268000	0.280025	
845	0.230769	155	0.309677	2.213858	845	0.230769	0.243000	0.279827	
837	0.256870	163	0.202454	2.213858	837	0.256870	0.248000	0.279658	
841	0.222354	159	0.333333	2.213858	841	0.222354	0.240000	0.279448	
827	0.247884	173	0.364162	2.213858	827	0.247884	0.268000	0.279388	
832	0.253606	168	0.529762	2.213858	832	0.253606	0.300000	0.279496	
855	0.276023	145	0.393103	2.213858	855	0.276023	0.293000	0.279566	
813	0.261993	187	0.502674	2.213858	813	0.261993	0.307000	0.279708	
832	0.277644	168	0.500000	2.213858	832	0.277644	0.315000	0.279890	
837	0.246117	163	0.484663	2.213858	837	0.246117	0.285000	0.279917	
869	0.286536	131	0.511450	2.213858	869	0.286536	0.316000	0.280101	
845	0.273373	155	0.419355	2.213858	845	0.273373	0.296000	0.280181	
847	0.303424	153	0.235294	2.213858	847	0.303424	0.293000	0.280246	
833	0.277311	167	0.311377	2.213858	833	0.277311	0.283000	0.280260	
844	0.279621	156	0.314103	2.213858	844	0.279621	0.285000	0.280284	
839	0.269368	161	0.459627	2.213858	839	0.269368	0.300000	0.280382	
851	0.252644	149	0.395973	2.213858	851	0.252644	0.274000	0.280350	
814	0.257985	186	0.333333	2.213858	814	0.257985	0.272000	0.280309	
841	0.272295	159	0.452830	2.213858	841	0.272295	0.301000	0.280410	
810	0.246914	190	0.352632	2.213858	810	0.246914	0.267000	0.280345	
808	0.242574	192	0.333333	2.213858	808	0.242574	0.260000	0.280246	
828	0.268116	172	0.500000	2.213858	828	0.268116	0.308000	0.280380	
841	0.256837	159	0.490566	2.213858	841	0.256837	0.294000	0.280446	
851	0.267920	149	0.342282	2.213858	851	0.267920	0.279000	0.280439	
837	0.256870	163	0.496933	2.213858	837	0.256870	0.296000	0.280513	
817	0.244798	183	0.316940	2.213858	817	0.244798	0.258000	0.280406	
818	0.306846	182	0.335165	2.213858	818	0.306846	0.312000	0.280555	
840	0.300000	160	0.512500	2.213858	840	0.300000	0.334000	0.280806	
841	0.293698	159	0.490566	2.213858	841	0.293698	0.325000	0.281013	
822	0.249392	178	0.370787	2.213858	822	0.249392	0.271000	0.280966	
796	0.262563	204	0.495098	2.213858	796	0.262563	0.310000	0.281101	
850	0.192941	150	0.533333	2.213858	850	0.192941	0.244000	0.280930	
819	0.428571	181	0.414365	1.422574	819	0.428571	0.426000	0.281595	
856	0.295561	144	0.486111	1.951133	856	0.295561	0.323000	0.281784	
813	0.337023	187	0.491979	1.951133	813	0.337023	0.366000	0.282167	
831	0.273165	169	0.402367	1.951133	831	0.273165	0.295000	0.282225	
838	0.299523	162	0.462963	1.951133	838	0.299523	0.326000	0.282422	
840	0.276190	160	0.356250	1.951133	840	0.276190	0.289000	0.282452	
855	0.327485	145	0.420690	1.951133	855	0.327485	0.341000	0.282713	
810	0.306173	190	0.410526	1.951133	810	0.306173	0.326000	0.282905	
849	0.346290	151	0.417219	1.951133	849	0.346290	0.357000	0.283233	
823	0.332928	177	0.468927	1.951133	823	0.332928	0.357000	0.283558	
820	0.323171	180	0.322222	1.951133	820	0.323171	0.323000	0.283731	
861	0.307782	139	0.287770	1.951133	861	0.307782	0.305000	0.283824	
825	0.307879	175	0.360000	1.951133	825	0.307879	0.317000	0.283968	
802	0.335411	198	0.318182	1.951133	802	0.335411	0.332000	0.284176	
843	0.306050	157	0.343949	1.951133	843	0.306050	0.312000	0.284296	
828	0.295894	172	0.604651	1.951133	828	0.295894	0.349000	0.284574	
861	0.340302	139	0.424460	1.951133	861	0.340302	0.352000	0.284862	
852	0.285211	148	0.418919	1.951133	852	0.285211	0.305000	0.284948	
854	0.318501	146	0.404110	1.951133	854	0.318501	0.331000	0.285143	
855	0.330994	145	0.434483	1.951133	855	0.330994	0.346000	0.285400	
837	0.333333	163	0.282209	1.951133	837	0.333333	0.325000	0.285566	
821	0.305725	179	0.363128	1.951133	821	0.305725	0.316000	0.285693	
833	0.334934	167	0.419162	1.951133	833	0.334934	0.349000	0.285957	
835	0.297006	165	0.309091	1.951133	835	0.297006	0.299000	0.286011	
839	0.311085	161	0.453416	1.951133	839	0.311085	0.334000	0.286210	
841	0.318668	159	0.616352	1.951133	841	0.318668	0.366000	0.286538	
832	0.290865	168	0.511905	1.951133	832	0.290865	0.328000	0.286708	
805	0.274534	195	0.487179	1.951133	805	0.274534	0.316000	0.286827	
829	0.302774	171	0.491228	1.951133	829	0.302774	0.335000	0.287023	
807	0.335812	193	0.347150	1.951133	807	0.335812	0.338000	0.287230	
838	0.298329	162	0.358025	1.951133	838	0.298329	0.308000	0.287313	
852	0.350939	148	0.391892	1.951133	852	0.350939	0.357000	0.287593	
824	0.307039	176	0.448864	1.951133	824	0.307039	0.332000	0.287771	
835	0.312575	165	0.400000	1.951133	835	0.312575	0.327000	0.287927	
834	0.305755	166	0.367470	1.951133	834	0.305755	0.316000	0.288039	
830	0.313253	170	0.505882	1.951133	830	0.313253	0.346000	0.288268	
833	0.309724	167	0.353293	1.951133	833	0.309724	0.317000	0.288381	
828	0.286232	172	0.389535	1.951133	828	0.286232	0.304000	0.288442	
860	0.352326	140	0.271429	1.951133	860	0.352326	0.341000	0.288647	
830	0.338554	170	0.547059	1.951133	830	0.338554	0.374000	0.288979	
844	0.328199	156	0.435897	1.951133	844	0.328199	0.345000	0.289197	
833	0.351741	167	0.401198	1.951133	833	0.351741	0.360000	0.289470	
840	0.301190	160	0.375000	1.951133	840	0.301190	0.313000	0.289560	
829	0.294331	171	0.654971	1.951133	829	0.294331	0.356000	0.289815	
828	0.276570	172	0.563953	1.951133	828	0.276570	0.326000	0.289953	
851	0.310223	149	0.436242	1.951133	851	0.310223	0.329000	0.290102	
820	0.274390	180	0.433333	1.951133	820	0.274390	0.303000	0.290150	
833	0.326531	167	0.461078	1.951133	833	0.326531	0.349000	0.290372	
830	0.310843	170	0.464706	1.951133	830	0.310843	0.337000	0.290548	
866	0.262125	134	0.373134	1.951133	866	0.262125	0.277000	0.290497	
830	0.357831	170	0.594118	1.951133	830	0.357831	0.398000	0.290898	
836	0.337321	164	0.158537	1.951133	836	0.337321	0.308000	0.290962	
814	0.303440	186	0.360215	1.951133	814	0.303440	0.314000	0.291047	
839	0.299166	161	0.440994	1.951133	839	0.299166	0.322000	0.291161	
860	0.302326	140	0.350000	1.951133	860	0.302326	0.309000	0.291227	
846	0.349882	154	0.298701	1.951133	846	0.349882	0.342000	0.291413	
812	0.370690	188	0.446809	1.951133	812	0.370690	0.385000	0.291754	
820	0.319512	180	0.555556	1.951133	820	0.319512	0.362000	0.292010	
810	0.338272	190	0.478947	1.951133	810	0.338272	0.365000	0.292274	
858	0.305361	142	0.471831	1.951133	858	0.305361	0.329000	0.292407	
838	0.343675	162	0.364198	1.951133	838	0.343675	0.347000	0.292603	
836	0.318182	164	0.524390	1.951133	836	0.318182	0.352000	0.292816	
833	0.340936	167	0.491018	1.951133	833	0.340936	0.366000	0.293078	
816	0.339461	184	0.320652	1.951133	816	0.339461	0.336000	0.293230	
820	0.332927	180	0.322222	1.951133	820	0.332927	0.331000	0.293364	
832	0.337740	168	0.398810	1.951133	832	0.337740	0.348000	0.293557	
837	0.315412	163	0.392638	1.951133	837	0.315412	0.328000	0.293679	
811	0.307028	189	0.444444	1.951133	811	0.307028	0.333000	0.293817	
833	0.304922	167	0.467066	1.951133	833	0.304922	0.332000	0.293950	
828	0.307971	172	0.383721	1.951133	828	0.307971	0.321000	0.294044	
837	0.308244	163	0.184049	1.951133	837	0.308244	0.288000	0.294023	
841	0.275862	159	0.352201	1.951133	841	0.275862	0.288000	0.294002	
863	0.332561	137	0.364964	1.951133	863	0.332561	0.337000	0.294151	
843	0.311981	157	0.477707	1.951133	843	0.311981	0.338000	0.294301	
822	0.307786	178	0.494382	1.951133	822	0.307786	0.341000	0.294461	
835	0.292216	165	0.357576	1.951133	835	0.292216	0.303000	0.294490	
843	0.321471	157	0.184713	1.951133	843	0.321471	0.300000	0.294509	
832	0.322115	168	0.470238	1.951133	832	0.322115	0.347000	0.294687	
842	0.324228	158	0.392405	1.951133	842	0.324228	0.335000	0.294823	
822	0.319951	178	0.258427	1.951133	822	0.319951	0.309000	0.294871	
825	0.304242	175	0.342857	1.951133	825	0.304242	0.311000	0.294925	
820	0.325610	180	0.383333	1.951133	820	0.325610	0.336000	0.295063	
821	0.326431	179	0.424581	1.951133	821	0.326431	0.344000	0.295226	
845	0.308876	155	0.354839	1.951133	845	0.308876	0.316000	0.295295	
819	0.301587	181	0.337017	1.951133	819	0.301587	0.308000	0.295337	
812	0.353448	188	0.452128	1.951133	812	0.353448	0.372000	0.295590	
829	0.318456	171	0.315789	1.951133	829	0.318456	0.318000	0.295664	
839	0.353993	161	0.403727	1.951133	839	0.353993	0.362000	0.295881	
816	0.292892	184	0.429348	1.951133	816	0.292892	0.318000	0.295953	
828	0.320048	172	0.383721	1.951133	828	0.320048	0.331000	0.296067	
868	0.277650	132	0.507576	1.951133	868	0.277650	0.308000	0.296106	
846	0.340426	154	0.363636	1.951133	846	0.340426	0.344000	0.296261	
862	0.322506	138	0.420290	1.951133	862	0.322506	0.336000	0.296389	
826	0.296610	174	0.350575	1.951133	826	0.296610	0.306000	0.296420	
820	0.309756	180	0.411111	1.951133	820	0.309756	0.328000	0.296521	
806	0.299007	194	0.494845	1.951133	806	0.299007	0.337000	0.296651	
828	0.301932	172	0.447674	1.951133	828	0.301932	0.327000	0.296747	
828	0.324879	172	0.540698	1.951133	828	0.324879	0.362000	0.296955	
850	0.307059	150	0.486667	1.951133	850	0.307059	0.334000	0.297072	
807	0.307311	193	0.455959	1.951133	807	0.307311	0.336000	0.297195	
864	0.333333	136	0.294118	1.951133	864	0.333333	0.328000	0.297292	
819	0.346764	181	0.408840	1.951133	819	0.346764	0.358000	0.297482	
840	0.309524	160	0.306250	1.951133	840	0.309524	0.309000	0.297518	
852	0.320423	148	0.479730	1.951133	852	0.320423	0.344000	0.297663	
841	0.290131	159	0.515723	1.951133	841	0.290131	0.326000	0.297751	
823	0.278250	177	0.604520	1.951133	823	0.278250	0.336000	0.297869	
828	0.316425	172	0.383721	1.951133	828	0.316425	0.328000	0.297962	
843	0.294187	157	0.484076	1.951133	843	0.294187	0.324000	0.298042	
842	0.306413	158	0.512658	1.951133	842	0.306413	0.339000	0.298168	
850	0.328235	150	0.246667	1.951133	850	0.328235	0.316000	0.298222	
862	0.330626	138	0.514493	1.951133	862	0.330626	0.356000	0.298398	
843	0.289442	157	0.369427	1.951133	843	0.289442	0.302000	0.298409	
842	0.350356	158	0.506329	1.951133	842	0.350356	0.375000	0.298642	
847	0.332940	153	0.437908	1.951133	847	0.332940	0.349000	0.298794	
839	0.302741	161	0.391304	1.951133	839	0.302741	0.317000	0.298848	
844	0.317536	156	0.423077	1.951133	844	0.317536	0.334000	0.298954	
865	0.299422	135	0.400000	1.951133	865	0.299422	0.313000	0.298996	
842	0.317102	158	0.379747	1.951133	842	0.317102	0.327000	0.299080	
853	0.345838	147	0.292517	1.951133	853	0.345838	0.338000	0.299196	
829	0.320869	171	0.473684	1.951133	829	0.320869	0.347000	0.299337	
853	0.284877	147	0.489796	1.951133	853	0.284877	0.315000	0.299384	
849	0.318021	151	0.470199	1.951133	849	0.318021	0.341000	0.299506	
853	0.359906	147	0.585034	1.951133	853	0.359906	0.393000	0.299781	
838	0.291169	162	0.271605	1.951133	838	0.291169	0.288000	0.299747	
817	0.334149	183	0.169399	1.951133	817	0.334149	0.304000	0.299759	
814	0.328010	186	0.408602	1.951133	814	0.328010	0.343000	0.299885	
855	0.307602	145	0.303448	1.951133	855	0.307602	0.307000	0.299906	
842	0.333729	158	0.316456	1.951133	842	0.333729	0.331000	0.299996	
848	0.329009	152	0.348684	1.951133	848	0.329009	0.332000	0.300089	
812	0.299261	188	0.574468	1.951133	812	0.299261	0.351000	0.300235	
819	0.305250	181	0.475138	1.951133	819	0.305250	0.336000	0.300338	
851	0.336075	149	0.395973	1.951133	851	0.336075	0.345000	0.300466	
831	0.339350	169	0.349112	1.951133	831	0.339350	0.341000	0.300582	
810	0.317284	190	0.410526	1.951133	810	0.317284	0.335000	0.300680	
806	0.299007	194	0.505155	1.951133	806	0.299007	0.339000	0.300789	
852	0.300469	148	0.466216	1.951133	852	0.300469	0.325000	0.300858	
840	0.308333	160	0.400000	1.951133	840	0.308333	0.323000	0.300920	
805	0.331677	195	0.400000	1.951133	805	0.331677	0.345000	0.301044	
834	0.386091	166	0.451807	1.951133	834	0.386091	0.397000	0.301314	
843	0.323843	157	0.401274	1.951133	843	0.323843	0.336000	0.301411	
829	0.290712	171	0.362573	1.951133	829	0.290712	0.303000	0.301415	
813	0.284133	187	0.417112	1.951133	813	0.284133	0.309000	0.301436	
829	0.317250	171	0.450292	1.951133	829	0.317250	0.340000	0.301544	
845	0.292308	155	0.406452	1.951133	845	0.292308	0.310000	0.301567	
843	0.332147	157	0.452229	1.951133	843	0.332147	0.351000	0.301704	
840	0.321429	160	0.493750	1.951133	840	0.321429	0.349000	0.301834	
828	0.315217	172	0.273256	1.951133	828	0.315217	0.308000	0.301851	
830	0.332530	170	0.323529	1.951133	830	0.332530	0.331000	0.301931	
852	0.299296	148	0.351351	1.951133	852	0.299296	0.307000	0.301945	
843	0.365362	157	0.273885	1.951133	843	0.365362	0.351000	0.302078	
859	0.330617	141	0.141844	1.951133	859	0.330617	0.304000	0.302083	
836	0.308612	164	0.445122	1.951133	836	0.308612	0.331000	0.302162	
833	0.315726	167	0.305389	1.951133	833	0.315726	0.314000	0.302194	
840	0.295238	160	0.343750	1.951133	840	0.295238	0.303000	0.302196	
857	0.318553	143	0.419580	1.951133	857	0.318553	0.333000	0.302279	
839	0.332539	161	0.521739	1.951133	839	0.332539	0.363000	0.302442	
847	0.340024	153	0.379085	1.951133	847	0.340024	0.346000	0.302558	
848	0.325472	152	0.480263	1.951133	848	0.325472	0.349000	0.302682	
822	0.289538	178	0.415730	1.951133	822	0.289538	0.312000	0.302707	
832	0.316106	168	0.333333	1.951133	832	0.316106	0.319000	0.302750	
853	0.324736	147	0.367347	1.951133	853	0.324736	0.331000	0.302825	
823	0.307412	177	0.423729	1.951133	823	0.307412	0.328000	0.302891	
815	0.334969	185	0.421622	1.951133	815	0.334969	0.351000	0.303018	
836	0.331340	164	0.426829	1.951133	836	0.331340	0.347000	0.303133	
821	0.337393	179	0.435754	1.951133	821	0.337393	0.355000	0.303269	
844	0.303318	156	0.288462	1.951133	844	0.303318	0.301000	0.303263	
866	0.308314	134	0.365672	1.951133	866	0.308314	0.316000	0.303296	
840	0.315476	160	0.400000	1.951133	840	0.315476	0.329000	0.303363	
826	0.273608	174	0.413793	1.951133	826	0.273608	0.298000	0.303349	
832	0.323317	168	0.357143	1.951133	832	0.323317	0.329000	0.303415	
846	0.319149	154	0.435065	1.951133	846	0.319149	0.337000	0.303502	
844	0.362559	156	0.352564	1.951133	844	0.362559	0.361000	0.303650	
832	0.342548	168	0.458333	1.951133	832	0.342548	0.362000	0.303799	
834	0.348921	166	0.463855	1.951133	834	0.348921	0.368000	0.303963	
827	0.314389	173	0.491329	1.951133	827	0.314389	0.345000	0.304068	
830	0.326506	170	0.435294	1.951133	830	0.326506	0.345000	0.304172	
823	0.337789	177	0.310734	1.951133	823	0.337789	0.333000	0.304245	
840	0.348810	160	0.462500	1.951133	840	0.348810	0.367000	0.304404	
838	0.318616	162	0.388889	1.951133	838	0.318616	0.330000	0.304469	
812	0.310345	188	0.223404	1.951133	812	0.310345	0.294000	0.304443	
819	0.345543	181	0.342541	1.951133	819	0.345543	0.345000	0.304544	
851	0.299647	149	0.422819	1.951133	851	0.299647	0.318000	0.304578	
813	0.329643	187	0.331551	1.951133	813	0.329643	0.330000	0.304642	
824	0.351942	176	0.295455	1.951133	824	0.351942	0.342000	0.304735	
840	0.321429	160	0.387500	1.951133	840	0.321429	0.332000	0.304803	
853	0.344666	147	0.428571	1.951133	853	0.344666	0.357000	0.304932	
846	0.325059	154	0.480519	1.951133	846	0.325059	0.349000	0.305041	
848	0.264151	152	0.355263	1.951133	848	0.264151	0.278000	0.304975	
859	0.341094	141	0.553191	1.951133	859	0.341094	0.371000	0.305137	
824	0.327670	176	0.431818	1.951133	824	0.327670	0.346000	0.305238	
819	0.343101	181	0.359116	1.951133	819	0.343101	0.346000	0.305337	
844	0.300948	156	0.384615	1.951133	844	0.300948	0.314000	0.305359	
823	0.325638	177	0.265537	1.951133	823	0.325638	0.315000	0.305382	
830	0.349398	170	0.458824	1.951133	830	0.349398	0.368000	0.305535	
848	0.317217	152	0.315789	1.951133	848	0.317217	0.317000	0.305562	
864	0.306713	136	0.441176	1.951133	864	0.306713	0.325000	0.305609	
836	0.313397	164	0.317073	1.951133	836	0.313397	0.314000	0.305630	
830	0.332530	170	0.305882	1.951133	830	0.332530	0.328000	0.305684	
816	0.307598	184	0.423913	1.951133	816	0.307598	0.329000	0.305740	
839	0.308701	161	0.434783	1.951133	839	0.308701	0.329000	0.305795	
842	0.320665	158	0.392405	1.951133	842	0.320665	0.332000	0.305858	
823	0.332928	177	0.435028	1.951133	823	0.332928	0.351000	0.305966	
818	0.342298	182	0.302198	1.951133	818	0.342298	0.335000	0.306035	
831	0.357401	169	0.372781	1.951133	831	0.357401	0.360000	0.306163	
837	0.344086	163	0.392638	1.951133	837	0.344086	0.352000	0.306272	
833	0.348139	167	0.149701	1.951133	833	0.348139	0.315000	0.306292	
840	0.330952	160	0.406250	1.951133	840	0.330952	0.343000	0.306379	
802	0.326683	198	0.429293	1.951133	802	0.326683	0.347000	0.306475	
820	0.337805	180	0.427778	1.951133	820	0.337805	0.354000	0.306586	
828	0.335749	172	0.372093	1.951133	828	0.335749	0.342000	0.306669	
829	0.332931	171	0.380117	1.951133	829	0.332931	0.341000	0.306749	
830	0.314458	170	0.323529	1.951133	830	0.314458	0.316000	0.306771	
840	0.322619	160	0.293750	1.951133	840	0.322619	0.318000	0.306797	
857	0.313886	143	0.370629	1.951133	857	0.313886	0.322000	0.306832	
849	0.316843	151	0.417219	1.951133	849	0.316843	0.332000	0.306890	
800	0.338750	200	0.395000	1.951133	800	0.338750	0.350000	0.306990	
819	0.290598	181	0.408840	1.951133	819	0.290598	0.312000	0.307002	
839	0.343266	161	0.198758	1.951133	839	0.343266	0.320000	0.307031	
844	0.309242	156	0.487179	1.951133	844	0.309242	0.337000	0.307100	
844	0.297393	156	0.455128	1.951133	844	0.297393	0.322000	0.307134	
820	0.292683	180	0.372222	1.951133	820	0.292683	0.307000	0.307134	
871	0.323766	129	0.488372	1.951133	871	0.323766	0.345000	0.307220	
847	0.327037	153	0.457516	1.951133	847	0.327037	0.347000	0.307311	
832	0.335337	168	0.446429	1.951133	832	0.335337	0.354000	0.307417	
822	0.265207	178	0.415730	1.951133	822	0.265207	0.292000	0.307382	
820	0.332927	180	0.472222	1.951133	820	0.332927	0.358000	0.307496	
823	0.328068	177	0.497175	1.951133	823	0.328068	0.358000	0.307610	
835	0.297006	165	0.515152	1.951133	835	0.297006	0.333000	0.307667	
841	0.329370	159	0.352201	1.951133	841	0.329370	0.333000	0.307724	
827	0.305925	173	0.497110	1.951133	827	0.305925	0.339000	0.307793	
830	0.320482	170	0.323529	1.951133	830	0.320482	0.321000	0.307823	
857	0.306884	143	0.433566	1.951133	857	0.306884	0.325000	0.307861	
831	0.300842	169	0.372781	1.951133	831	0.300842	0.313000	0.307873	
838	0.319809	162	0.450617	1.951133	838	0.319809	0.341000	0.307946	
806	0.348635	194	0.365979	1.951133	806	0.348635	0.352000	0.308044	
839	0.362336	161	0.552795	1.951133	839	0.362336	0.393000	0.308231	
833	0.307323	167	0.485030	1.951133	833	0.307323	0.337000	0.308294	
840	0.315476	160	0.543750	1.951133	840	0.315476	0.352000	0.308391	
838	0.360382	162	0.376543	1.951133	838	0.360382	0.363000	0.308510	
817	0.310894	183	0.464481	1.951133	817	0.310894	0.339000	0.308577	
823	0.309842	177	0.418079	1.951133	823	0.309842	0.329000	0.308622	
852	0.376761	148	0.445946	1.951133	852	0.376761	0.387000	0.308792	
826	0.315981	174	0.385057	1.951133	826	0.315981	0.328000	0.308834	
822	0.301703	178	0.471910	1.951133	822	0.301703	0.332000	0.308884	
830	0.378313	170	0.452941	1.951133	830	0.378313	0.391000	0.309062	
834	0.345324	166	0.487952	1.951133	834	0.345324	0.369000	0.309192	
821	0.313033	179	0.329609	1.951133	821	0.313033	0.316000	0.309206	
839	0.268176	161	0.397516	1.951133	839	0.268176	0.289000	0.309163	
808	0.319307	192	0.520833	1.951133	808	0.319307	0.358000	0.309268	
806	0.290323	194	0.412371	1.951133	806	0.290323	0.314000	0.309278	
824	0.319175	176	0.573864	1.951133	824	0.319175	0.364000	0.309395	
825	0.289697	175	0.451429	1.951133	825	0.289697	0.318000	0.309413	
834	0.320144	166	0.367470	1.951133	834	0.320144	0.328000	0.309453	
818	0.276284	182	0.428571	1.951133	818	0.276284	0.304000	0.309441	
847	0.277450	153	0.398693	1.951133	847	0.277450	0.296000	0.309412	
818	0.306846	182	0.373626	1.951133	818	0.306846	0.319000	0.309433	
836	0.306220	164	0.378049	1.951133	836	0.306220	0.318000	0.309451	
814	0.283784	186	0.473118	1.951133	814	0.283784	0.319000	0.309471	
844	0.341232	156	0.339744	1.951133	844	0.341232	0.341000	0.309537	
837	0.275986	163	0.386503	1.951133	837	0.275986	0.294000	0.309505	
845	0.301775	155	0.251613	1.951133	845	0.301775	0.294000	0.309472	
852	0.279343	148	0.466216	1.951133	852	0.279343	0.307000	0.309467	
821	0.288672	179	0.502793	1.951133	821	0.288672	0.327000	0.309504	
828	0.282609	172	0.319767	1.951133	828	0.282609	0.289000	0.309461	
814	0.329238	186	0.349462	1.951133	814	0.329238	0.333000	0.309510	
835	0.302994	165	0.454545	1.951133	835	0.302994	0.328000	0.309548	
815	0.304294	185	0.551351	1.951133	815	0.304294	0.350000	0.309632	
842	0.319477	158	0.525316	1.951133	842	0.319477	0.352000	0.309719	
830	0.298795	170	0.417647	1.951133	830	0.298795	0.319000	0.309738	
842	0.319477	158	0.411392	1.951133	842	0.319477	0.334000	0.309788	
817	0.294982	183	0.404372	1.951133	817	0.294982	0.315000	0.309799	
840	0.319048	160	0.381250	1.951133	840	0.319048	0.329000	0.309838	
843	0.301305	157	0.369427	1.951133	843	0.301305	0.312000	0.309842	
816	0.327206	184	0.429348	1.951133	816	0.327206	0.346000	0.309916	
821	0.309379	179	0.446927	1.951133	821	0.309379	0.334000	0.309965	
849	0.316843	151	0.496689	1.951133	849	0.316843	0.344000	0.310034	
857	0.351225	143	0.489510	1.951133	857	0.351225	0.371000	0.310157	
843	0.336892	157	0.433121	1.951133	843	0.336892	0.352000	0.310242	
856	0.308411	144	0.402778	1.951133	856	0.308411	0.322000	0.310266	
850	0.321176	150	0.406667	1.951133	850	0.321176	0.334000	0.310313	
856	0.304907	144	0.347222	1.951133	856	0.304907	0.311000	0.310315	
814	0.324324	186	0.526882	1.951133	814	0.324324	0.362000	0.310418	
847	0.314050	153	0.274510	1.951133	847	0.314050	0.308000	0.310413	
847	0.344746	153	0.359477	1.951133	847	0.344746	0.347000	0.310486	
835	0.340120	165	0.363636	1.951133	835	0.340120	0.344000	0.310553	
838	0.365155	162	0.388889	1.951133	838	0.365155	0.369000	0.310669	
833	0.271309	167	0.413174	1.951133	833	0.271309	0.295000	0.310638	
840	0.313095	160	0.412500	1.951133	840	0.313095	0.329000	0.310675	
828	0.357488	172	0.436047	1.951133	828	0.357488	0.371000	0.310794	
841	0.343639	159	0.408805	1.951133	841	0.343639	0.354000	0.310879	
833	0.332533	167	0.395210	1.951133	833	0.332533	0.343000	0.310942	
840	0.345238	160	0.568750	1.951133	840	0.345238	0.381000	0.311080	
830	0.326506	170	0.435294	1.951133	830	0.326506	0.345000	0.311146	
831	0.287605	169	0.443787	1.951133	831	0.287605	0.314000	0.311152	
820	0.297561	180	0.338889	1.951133	820	0.297561	0.305000	0.311140	
862	0.314385	138	0.384058	1.951133	862	0.314385	0.324000	0.311165	
843	0.294187	157	0.452229	1.951133	843	0.294187	0.319000	0.311180	
838	0.305489	162	0.469136	1.951133	838	0.305489	0.332000	0.311221	
831	0.338147	169	0.426036	1.951133	831	0.338147	0.353000	0.311302	
826	0.334140	174	0.206897	1.951133	826	0.334140	0.312000	0.311303	
824	0.333738	176	0.380682	1.951133	824	0.333738	0.342000	0.311362	
848	0.295991	152	0.388158	1.951133	848	0.295991	0.310000	0.311360	
828	0.315217	172	0.296512	1.951133	828	0.315217	0.312000	0.311361	
801	0.292135	199	0.341709	1.951133	801	0.292135	0.302000	0.311343	
838	0.326969	162	0.376543	1.951133	838	0.326969	0.335000	0.311388	
849	0.318021	151	0.264901	1.951133	849	0.318021	0.310000	0.311386	
832	0.313702	168	0.535714	1.951133	832	0.313702	0.351000	0.311461	
805	0.365217	195	0.384615	1.951133	805	0.365217	0.369000	0.311571	
827	0.315599	173	0.248555	1.951133	827	0.315599	0.304000	0.311556	
830	0.336145	170	0.247059	1.951133	830	0.336145	0.321000	0.311574	
803	0.327522	197	0.319797	1.951133	803	0.327522	0.326000	0.311602	
814	0.352580	186	0.370968	1.951133	814	0.352580	0.356000	0.311686	
838	0.340095	162	0.358025	1.951133	838	0.340095	0.343000	0.311745	
836	0.356459	164	0.426829	1.951133	836	0.356459	0.368000	0.311851	
836	0.282297	164	0.445122	1.951133	836	0.282297	0.309000	0.311845	
848	0.314858	152	0.388158	1.951133	848	0.314858	0.326000	0.311872	
823	0.336574	177	0.412429	1.951133	823	0.336574	0.350000	0.311943	
841	0.324614	159	0.345912	1.951133	841	0.324614	0.328000	0.311973	
845	0.327811	155	0.406452	1.951133	845	0.327811	0.340000	0.312026	
839	0.315852	161	0.440994	1.951133	839	0.315852	0.336000	0.312070	
834	0.315348	166	0.379518	1.951133	834	0.315348	0.326000	0.312096	
848	0.307783	152	0.335526	1.951133	848	0.307783	0.312000	0.312096	
825	0.347879	175	0.440000	1.951133	825	0.347879	0.364000	0.312192	
846	0.338061	154	0.344156	1.951133	846	0.338061	0.339000	0.312242	
850	0.323529	150	0.460000	1.951133	850	0.323529	0.344000	0.312300	
810	0.316049	190	0.352632	1.951133	810	0.316049	0.323000	0.312320	
819	0.317460	181	0.353591	1.951133	819	0.317460	0.324000	0.312341	
814	0.341523	186	0.387097	1.951133	814	0.341523	0.350000	0.312410	
837	0.307049	163	0.361963	1.951133	837	0.307049	0.316000	0.312417	
861	0.331010	139	0.532374	1.951133	861	0.331010	0.359000	0.312502	
841	0.322235	159	0.509434	1.951133	841	0.322235	0.352000	0.312574	
829	0.310012	171	0.403509	1.951133	829	0.310012	0.326000	0.312599	
829	0.343788	171	0.304094	1.951133	829	0.343788	0.337000	0.312643	
822	0.300487	178	0.393258	1.951133	822	0.300487	0.317000	0.312651	
847	0.303424	153	0.372549	1.951133	847	0.303424	0.314000	0.312653	
846	0.329787	154	0.415584	1.951133	846	0.329787	0.343000	0.312708	
837	0.314217	163	0.460123	1.951133	837	0.314217	0.338000	0.312754	
830	0.332530	170	0.400000	1.951133	830	0.332530	0.344000	0.312810	
816	0.321078	184	0.331522	1.951133	816	0.321078	0.323000	0.312829	
822	0.324818	178	0.359551	1.951133	822	0.324818	0.331000	0.312861	
838	0.300716	162	0.327160	1.951133	838	0.300716	0.305000	0.312847	
827	0.286578	173	0.294798	1.951133	827	0.286578	0.288000	0.312803	
823	0.279465	177	0.457627	1.951133	823	0.279465	0.311000	0.312799	
829	0.344994	171	0.356725	1.951133	829	0.344994	0.347000	0.312860	
834	0.347722	166	0.542169	1.951133	834	0.347722	0.380000	0.312980	
832	0.346154	168	0.410714	1.951133	832	0.346154	0.357000	0.313058	
835	0.308982	165	0.406061	1.951133	835	0.308982	0.325000	0.313079	
839	0.313468	161	0.304348	1.951133	839	0.313468	0.312000	0.313077	
812	0.323892	188	0.287234	1.951133	812	0.323892	0.317000	0.313084	
833	0.332533	167	0.437126	1.951133	833	0.332533	0.350000	0.313149	
839	0.321812	161	0.335404	1.951133	839	0.321812	0.324000	0.313168	
825	0.293333	175	0.491429	1.951133	825	0.293333	0.328000	0.313195	
824	0.293689	176	0.409091	1.951133	824	0.293689	0.314000	0.313196	
829	0.343788	171	0.298246	1.951133	829	0.343788	0.336000	0.313236	
823	0.292831	177	0.265537	1.951133	823	0.292831	0.288000	0.313192	
823	0.346294	177	0.406780	1.951133	823	0.346294	0.357000	0.313268	
821	0.328867	179	0.446927	1.951133	821	0.328867	0.350000	0.313332	
840	0.307143	160	0.431250	1.951133	840	0.307143	0.327000	0.313356	
825	0.309091	175	0.508571	1.951133	825	0.309091	0.344000	0.313409	
825	0.334545	175	0.457143	1.951133	825	0.334545	0.356000	0.313483	
825	0.321212	175	0.262857	1.951133	825	0.321212	0.311000	0.313479	
863	0.302433	137	0.525547	1.951133	863	0.302433	0.333000	0.313512	
848	0.306604	152	0.243421	1.951133	848	0.306604	0.297000	0.313484	
839	0.312277	161	0.465839	1.951133	839	0.312277	0.337000	0.313524	
809	0.325093	191	0.507853	1.951133	809	0.325093	0.360000	0.313604	
806	0.364764	194	0.458763	1.951133	806	0.364764	0.383000	0.313723	
821	0.325213	179	0.474860	1.951133	821	0.325213	0.352000	0.313789	
817	0.361077	183	0.284153	1.951133	817	0.361077	0.347000	0.313846	
823	0.323208	177	0.322034	1.951133	823	0.323208	0.323000	0.313861	
810	0.338272	190	0.500000	1.951133	810	0.338272	0.369000	0.313955	
823	0.329283	177	0.480226	1.951133	823	0.329283	0.356000	0.314027	
834	0.320144	166	0.265060	1.951133	834	0.320144	0.311000	0.314022	
817	0.305998	183	0.382514	1.951133	817	0.305998	0.320000	0.314032	
821	0.330085	179	0.418994	1.951133	821	0.330085	0.346000	0.314086	
851	0.324324	149	0.436242	1.951133	851	0.324324	0.341000	0.314131	
871	0.334099	129	0.364341	1.951133	871	0.334099	0.338000	0.314171	
831	0.354994	169	0.366864	1.951133	831	0.354994	0.357000	0.314244	
812	0.298030	188	0.420213	1.951133	812	0.298030	0.321000	0.314255	
827	0.321644	173	0.485549	1.951133	827	0.321644	0.350000	0.314315	
842	0.281473	158	0.310127	1.951133	842	0.281473	0.286000	0.314267	
830	0.321687	170	0.423529	1.951133	830	0.321687	0.339000	0.314309	
837	0.329749	163	0.319018	1.951133	837	0.329749	0.328000	0.314332	
827	0.331318	173	0.393064	1.951133	827	0.331318	0.342000	0.314378	
835	0.304192	165	0.369697	1.951133	835	0.304192	0.315000	0.314379	
833	0.348139	167	0.353293	1.951133	833	0.348139	0.349000	0.314436	
831	0.302046	169	0.396450	1.951133	831	0.302046	0.318000	0.314442	
838	0.305489	162	0.401235	1.951133	838	0.305489	0.321000	0.314453	
836	0.295455	164	0.414634	1.951133	836	0.295455	0.315000	0.314454	
831	0.336943	169	0.461538	1.951133	831	0.336943	0.358000	0.314526	
834	0.312950	166	0.265060	1.951133	834	0.312950	0.305000	0.314510	
839	0.324195	161	0.329193	1.951133	839	0.324195	0.325000	0.314527	
825	0.330909	175	0.474286	1.951133	825	0.330909	0.356000	0.314596	
806	0.315136	194	0.432990	1.951133	806	0.315136	0.338000	0.314634	
816	0.322304	184	0.413043	1.951133	816	0.322304	0.339000	0.314674	
832	0.299279	168	0.309524	1.951133	832	0.299279	0.301000	0.314651	
846	0.312057	154	0.370130	1.951133	846	0.312057	0.321000	0.314662	
834	0.306954	166	0.385542	1.951133	834	0.306954	0.320000	0.314670	
843	0.301305	157	0.439490	1.951133	843	0.301305	0.323000	0.314684	
835	0.314970	165	0.321212	1.951133	835	0.314970	0.316000	0.314686	
871	0.332951	129	0.472868	1.951133	871	0.332951	0.351000	0.314745	
843	0.317912	157	0.197452	1.951133	843	0.317912	0.299000	0.314720	
838	0.313842	162	0.370370	1.951133	838	0.313842	0.323000	0.314733	
829	0.316043	171	0.415205	1.951133	829	0.316043	0.333000	0.314762	
841	0.340071	159	0.283019	1.951133	841	0.340071	0.331000	0.314789	
832	0.319712	168	0.470238	1.951133	832	0.319712	0.345000	0.314837	
836	0.303828	164	0.329268	1.951133	836	0.303828	0.308000	0.314826	
843	0.303677	157	0.363057	1.951133	843	0.303677	0.313000	0.314823	
837	0.356033	163	0.539877	1.951133	837	0.356033	0.386000	0.314937	
830	0.342169	170	0.358824	1.951133	830	0.342169	0.345000	0.314985	
843	0.319098	157	0.426752	1.951133	843	0.319098	0.336000	0.315019	
837	0.328554	163	0.294479	1.951133	837	0.328554	0.323000	0.315031	
843	0.308422	157	0.356688	1.951133	843	0.308422	0.316000	0.315033	
843	0.301305	157	0.286624	1.951133	843	0.301305	0.299000	0.315007	
849	0.306243	151	0.377483	1.951133	849	0.306243	0.317000	0.315011	
843	0.310795	157	0.369427	1.951133	843	0.310795	0.320000	0.315018	
851	0.332550	149	0.348993	1.951133	851	0.332550	0.335000	0.315050	
864	0.321759	136	0.345588	1.951133	864	0.321759	0.325000	0.315066	
828	0.289855	172	0.366279	1.951133	828	0.289855	0.303000	0.315047	
815	0.322699	185	0.427027	1.951133	815	0.322699	0.342000	0.315089	
819	0.329670	181	0.342541	1.951133	819	0.329670	0.332000	0.315116	
827	0.337364	173	0.248555	1.951133	827	0.337364	0.322000	0.315126	
828	0.359903	172	0.290698	1.951133	828	0.359903	0.348000	0.315178	
834	0.285372	166	0.349398	1.951133	834	0.285372	0.296000	0.315148	
846	0.312057	154	0.422078	1.951133	846	0.312057	0.329000	0.315170	
849	0.321555	151	0.496689	1.951133	849	0.321555	0.348000	0.315221	
821	0.332521	179	0.480447	1.951133	821	0.332521	0.359000	0.315289	
827	0.334946	173	0.508671	1.951133	827	0.334946	0.365000	0.315366	
837	0.326165	163	0.386503	1.951133	837	0.326165	0.336000	0.315398	
827	0.299879	173	0.352601	1.951133	827	0.299879	0.309000	0.315388	
802	0.291771	198	0.419192	1.951133	802	0.291771	0.317000	0.315391	
809	0.327565	191	0.408377	1.951133	809	0.327565	0.343000	0.315433	
812	0.301724	188	0.372340	1.951133	812	0.301724	0.315000	0.315432	
825	0.350303	175	0.348571	1.951133	825	0.350303	0.350000	0.315486	
834	0.300959	166	0.433735	1.951133	834	0.300959	0.323000	0.315497	
825	0.320000	175	0.400000	1.951133	825	0.320000	0.334000	0.315526	
822	0.323601	178	0.365169	1.951133	822	0.323601	0.331000	0.315549	
845	0.325444	155	0.445161	1.951133	845	0.325444	0.344000	0.315593	
819	0.313797	181	0.486188	1.951133	819	0.313797	0.345000	0.315638	
818	0.330073	182	0.368132	1.951133	818	0.330073	0.337000	0.315670	
807	0.294919	193	0.419689	1.951133	807	0.294919	0.319000	0.315675	
827	0.328900	173	0.369942	1.951133	827	0.328900	0.336000	0.315706	
825	0.304242	175	0.468571	1.951133	825	0.304242	0.333000	0.315732	
822	0.311436	178	0.353933	1.951133	822	0.311436	0.319000	0.315737	
822	0.329684	178	0.292135	1.951133	822	0.329684	0.323000	0.315748	
834	0.353717	166	0.186747	1.951133	834	0.353717	0.326000	0.315764	
834	0.312950	166	0.379518	1.951133	834	0.312950	0.324000	0.315776	
845	0.331361	155	0.309677	1.951133	845	0.331361	0.328000	0.315795	
877	0.321551	123	0.373984	1.951133	877	0.321551	0.328000	0.315813	
851	0.297297	149	0.442953	1.951133	851	0.297297	0.319000	0.315818	
851	0.301998	149	0.342282	1.951133	851	0.301998	0.308000	0.315806	
849	0.314488	151	0.390728	1.951133	849	0.314488	0.326000	0.315821	
858	0.312354	142	0.309859	1.951133	858	0.312354	0.312000	0.315816	
840	0.338095	160	0.381250	1.951133	840	0.338095	0.345000	0.315859	
816	0.310049	184	0.423913	1.951133	816	0.310049	0.331000	0.315882	
820	0.280488	180	0.494444	1.951133	820	0.280488	0.319000	0.315886	
831	0.328520	169	0.449704	1.951133	831	0.328520	0.349000	0.315936	
825	0.333333	175	0.468571	1.951133	825	0.333333	0.357000	0.315997	
838	0.317422	162	0.395062	1.951133	838	0.317422	0.330000	0.316017	
845	0.312426	155	0.406452	1.951133	845	0.312426	0.327000	0.316034	
828	0.333333	172	0.313953	1.951133	828	0.333333	0.330000	0.316054	
820	0.368293	180	0.277778	1.951133	820	0.368293	0.352000	0.316107	
824	0.330097	176	0.448864	1.951133	824	0.330097	0.351000	0.316159	
822	0.324818	178	0.331461	1.951133	822	0.324818	0.326000	0.316173	
833	0.301321	167	0.323353	1.951133	833	0.301321	0.305000	0.316157	
843	0.302491	157	0.382166	1.951133	843	0.302491	0.315000	0.316155	
836	0.319378	164	0.390244	1.951133	836	0.319378	0.331000	0.316177	
827	0.374849	173	0.416185	1.951133	827	0.374849	0.382000	0.316273	
825	0.343030	175	0.508571	1.951133	825	0.343030	0.372000	0.316354	
829	0.329312	171	0.333333	1.951133	829	0.329312	0.330000	0.316374	
809	0.343634	191	0.261780	1.951133	809	0.343634	0.328000	0.316391	
849	0.310954	151	0.556291	1.951133	849	0.310954	0.348000	0.316437	
847	0.316411	153	0.444444	1.951133	847	0.316411	0.336000	0.316465	
829	0.332931	171	0.315789	1.951133	829	0.332931	0.330000	0.316485	
865	0.308671	135	0.459259	1.951133	865	0.308671	0.329000	0.316503	
838	0.317422	162	0.364198	1.951133	838	0.317422	0.325000	0.316515	
804	0.330846	196	0.352041	1.951133	804	0.330846	0.335000	0.316542	
834	0.266187	166	0.403614	1.951133	834	0.266187	0.289000	0.316502	
834	0.334532	166	0.427711	1.951133	834	0.334532	0.350000	0.316551	
843	0.315540	157	0.484076	1.951133	843	0.315540	0.342000	0.316587	
828	0.322464	172	0.418605	1.951133	828	0.322464	0.339000	0.316619	
836	0.301435	164	0.500000	1.951133	836	0.301435	0.334000	0.316644	
847	0.332940	153	0.294118	1.951133	847	0.332940	0.327000	0.316659	
828	0.329710	172	0.395349	1.951133	828	0.329710	0.341000	0.316694	
832	0.329327	168	0.464286	1.951133	832	0.329327	0.352000	0.316744	
866	0.289838	134	0.567164	1.951133	866	0.289838	0.327000	0.316759	
854	0.317330	146	0.328767	1.951133	854	0.317330	0.319000	0.316762	
829	0.332931	171	0.345029	1.951133	829	0.332931	0.335000	0.316788	
829	0.354644	171	0.362573	1.951133	829	0.354644	0.356000	0.316844	
819	0.316239	181	0.480663	1.951133	819	0.316239	0.346000	0.316885	
840	0.315476	160	0.512500	1.951133	840	0.315476	0.347000	0.316927	
853	0.332943	147	0.489796	1.951133	853	0.332943	0.356000	0.316983	
849	0.321555	151	0.456954	1.951133	849	0.321555	0.342000	0.317018	
827	0.325272	173	0.208092	1.951133	827	0.325272	0.305000	0.317001	
835	0.320958	165	0.381818	1.951133	835	0.320958	0.331000	0.317021	
834	0.322542	166	0.427711	1.951133	834	0.322542	0.340000	0.317053	
823	0.324423	177	0.418079	1.951133	823	0.324423	0.341000	0.317087	
815	0.312883	185	0.400000	1.951133	815	0.312883	0.329000	0.317103	
839	0.326579	161	0.434783	1.951133	839	0.326579	0.344000	0.317141	
833	0.326531	167	0.431138	1.951133	833	0.326531	0.344000	0.317178	
837	0.330944	163	0.398773	1.951133	837	0.330944	0.342000	0.317213	
832	0.326923	168	0.386905	1.951133	832	0.326923	0.337000	0.317241	
830	0.316867	170	0.411765	1.951133	830	0.316867	0.333000	0.317262	
820	0.304878	180	0.366667	1.951133	820	0.304878	0.316000	0.317261	
825	0.294545	175	0.337143	1.951133	825	0.294545	0.302000	0.317240	
831	0.294826	169	0.390533	1.951133	831	0.294826	0.311000	0.317231	
827	0.348247	173	0.346821	1.951133	827	0.348247	0.348000	0.317273	
832	0.301683	168	0.529762	1.951133	832	0.301683	0.340000	0.317305	
825	0.316364	175	0.451429	1.951133	825	0.316364	0.340000	0.317336	
852	0.316901	148	0.412162	1.951133	852	0.316901	0.331000	0.317355	
832	0.336538	168	0.327381	1.951133	832	0.336538	0.335000	0.317379	
826	0.260291	174	0.327586	1.951133	826	0.260291	0.272000	0.317317	
829	0.297949	171	0.409357	1.951133	829	0.297949	0.317000	0.317316	
800	0.333750	200	0.455000	1.951133	800	0.333750	0.358000	0.317372	
831	0.346570	169	0.372781	1.951133	831	0.346570	0.351000	0.317418	
809	0.311496	191	0.486911	1.951133	809	0.311496	0.345000	0.317456	
811	0.362515	189	0.391534	1.951133	811	0.362515	0.368000	0.317525	
799	0.320401	201	0.333333	1.951133	799	0.320401	0.323000	0.317532	
822	0.345499	178	0.404494	1.951133	822	0.345499	0.356000	0.317585	
834	0.290168	166	0.445783	1.951133	834	0.290168	0.316000	0.317582	
812	0.312808	188	0.297872	1.951133	812	0.312808	0.310000	0.317572	
835	0.307784	165	0.400000	1.951133	835	0.307784	0.323000	0.317580	
833	0.336134	167	0.287425	1.951133	833	0.336134	0.328000	0.317594	
829	0.346200	171	0.274854	1.951133	829	0.346200	0.334000	0.317616	
855	0.326316	145	0.468966	1.951133	855	0.326316	0.347000	0.317655	
848	0.300708	152	0.328947	1.951133	848	0.300708	0.305000	0.317638	
836	0.340909	164	0.414634	1.951133	836	0.340909	0.353000	0.317686	
851	0.289072	149	0.442953	1.951133	851	0.289072	0.312000	0.317678	
828	0.312802	172	0.482558	1.951133	828	0.312802	0.342000	0.317711	
846	0.327423	154	0.512987	1.951133	846	0.327423	0.356000	0.317762	
823	0.303767	177	0.333333	1.951133	823	0.303767	0.309000	0.317751	
835	0.317365	165	0.163636	1.951133	835	0.317365	0.292000	0.317716	
838	0.336516	162	0.382716	1.951133	838	0.336516	0.344000	0.317751	
834	0.326139	166	0.343373	1.951133	834	0.326139	0.329000	0.317766	
858	0.350816	142	0.288732	1.951133	858	0.350816	0.342000	0.317799	
837	0.313023	163	0.404908	1.951133	837	0.313023	0.328000	0.317812	
838	0.299523	162	0.407407	1.951133	838	0.299523	0.317000	0.317811	
834	0.296163	166	0.337349	1.951133	834	0.296163	0.303000	0.317791	
828	0.327295	172	0.313953	1.951133	828	0.327295	0.325000	0.317801	
820	0.309756	180	0.322222	1.951133	820	0.309756	0.312000	0.317793	
847	0.290437	153	0.372549	1.951133	847	0.290437	0.303000	0.317774	
826	0.283293	174	0.362069	1.951133	826	0.283293	0.297000	0.317746	
854	0.343091	146	0.239726	1.951133	854	0.343091	0.328000	0.317760	
840	0.308333	160	0.418750	1.951133	840	0.308333	0.326000	0.317771	
831	0.296029	169	0.396450	1.951133	831	0.296029	0.313000	0.317764	
850	0.345882	150	0.480000	1.951133	850	0.345882	0.366000	0.317828	
824	0.294903	176	0.312500	1.951133	824	0.294903	0.298000	0.317802	
847	0.301063	153	0.581699	1.951133	847	0.301063	0.344000	0.317836	
838	0.328162	162	0.493827	1.951133	838	0.328162	0.355000	0.317885	
852	0.343897	148	0.344595	1.951133	852	0.343897	0.344000	0.317919	
828	0.322464	172	0.441860	1.951133	828	0.322464	0.343000	0.317951	
847	0.284534	153	0.522876	1.951133	847	0.284534	0.321000	0.317955	
835	0.280240	165	0.363636	1.951133	835	0.280240	0.294000	0.317924	
841	0.322235	159	0.276730	1.951133	841	0.322235	0.315000	0.317920	
844	0.315166	156	0.294872	1.951133	844	0.315166	0.312000	0.317913	
829	0.318456	171	0.374269	1.951133	829	0.318456	0.328000	0.317926	
834	0.273381	166	0.361446	1.951133	834	0.273381	0.288000	0.317887	
838	0.317422	162	0.388889	1.951133	838	0.317422	0.329000	0.317901	
829	0.297949	171	0.497076	1.951133	829	0.297949	0.332000	0.317920	
820	0.336585	180	0.400000	1.951133	820	0.336585	0.348000	0.317958	
836	0.321770	164	0.457317	1.951133	836	0.321770	0.344000	0.317992	
812	0.320197	188	0.420213	1.951133	812	0.320197	0.339000	0.318019	
824	0.317961	176	0.301136	1.951133	824	0.317961	0.315000	0.318015	
823	0.334143	177	0.463277	1.951133	823	0.334143	0.357000	0.318065	
834	0.324940	166	0.307229	1.951133	834	0.324940	0.322000	0.318070	
831	0.300842	169	0.319527	1.951133	831	0.300842	0.304000	0.318052	
833	0.310924	167	0.401198	1.951133	833	0.310924	0.326000	0.318062	
836	0.334928	164	0.378049	1.951133	836	0.334928	0.342000	0.318093	
832	0.338942	168	0.303571	1.951133	832	0.338942	0.333000	0.318112	
828	0.330918	172	0.418605	1.951133	828	0.330918	0.346000	0.318147	
829	0.283474	171	0.421053	1.951133	829	0.283474	0.307000	0.318133	
834	0.353717	166	0.301205	1.951133	834	0.353717	0.345000	0.318167	
823	0.339004	177	0.406780	1.951133	823	0.339004	0.351000	0.318209	
809	0.292954	191	0.455497	1.951133	809	0.292954	0.324000	0.318216	
825	0.349091	175	0.245714	1.951133	825	0.349091	0.331000	0.318232	
855	0.345029	145	0.420690	1.951133	855	0.345029	0.356000	0.318280	
852	0.332160	148	0.439189	1.951133	852	0.332160	0.348000	0.318317	
846	0.310875	154	0.383117	1.951133	846	0.310875	0.322000	0.318322	
852	0.308685	148	0.432432	1.951133	852	0.308685	0.327000	0.318333	
859	0.329453	141	0.411348	1.951133	859	0.329453	0.341000	0.318361	
839	0.306317	161	0.422360	1.951133	839	0.306317	0.325000	0.318370	
826	0.336562	174	0.396552	1.951133	826	0.336562	0.347000	0.318406	
843	0.297746	157	0.414013	1.951133	843	0.297746	0.316000	0.318403	
858	0.276224	142	0.436620	1.951133	858	0.276224	0.299000	0.318378	
870	0.305747	130	0.330769	1.951133	870	0.305747	0.309000	0.318367	
833	0.345738	167	0.425150	1.951133	833	0.345738	0.359000	0.318417	
826	0.311138	174	0.402299	1.951133	826	0.311138	0.327000	0.318428	
838	0.305489	162	0.401235	1.951133	838	0.305489	0.321000	0.318431	
812	0.309113	188	0.420213	1.951133	812	0.309113	0.330000	0.318446	
810	0.317284	190	0.310526	1.951133	810	0.317284	0.316000	0.318443	
834	0.329736	166	0.349398	1.951133	834	0.329736	0.333000	0.318461	
832	0.338942	168	0.392857	1.951133	832	0.338942	0.348000	0.318497	
821	0.306943	179	0.391061	1.951133	821	0.306943	0.322000	0.318501	
829	0.329312	171	0.502924	1.951133	829	0.329312	0.359000	0.318551	
833	0.308523	167	0.311377	1.951133	833	0.308523	0.309000	0.318540	
828	0.317633	172	0.476744	1.951133	828	0.317633	0.345000	0.318572	
841	0.351962	159	0.352201	1.951133	841	0.351962	0.352000	0.318613	
834	0.357314	166	0.512048	1.951133	834	0.357314	0.383000	0.318692	
824	0.341019	176	0.250000	1.951133	824	0.341019	0.325000	0.318700	
834	0.338129	166	0.487952	1.951133	834	0.338129	0.363000	0.318755	
849	0.301531	151	0.311258	1.951133	849	0.301531	0.303000	0.318735	
840	0.339286	160	0.475000	1.951133	840	0.339286	0.361000	0.318787	
827	0.371221	173	0.404624	1.951133	827	0.371221	0.377000	0.318858	
827	0.324063	173	0.387283	1.951133	827	0.324063	0.335000	0.318878	
821	0.332521	179	0.374302	1.951133	821	0.332521	0.340000	0.318903	
823	0.314702	177	0.372881	1.951133	823	0.314702	0.325000	0.318911	
821	0.280146	179	0.312849	1.951133	821	0.280146	0.286000	0.318871	
806	0.300248	194	0.371134	1.951133	806	0.300248	0.314000	0.318865	
830	0.291566	170	0.394118	1.951133	830	0.291566	0.309000	0.318853	
836	0.331340	164	0.414634	1.951133	836	0.331340	0.345000	0.318885	
851	0.319624	149	0.275168	1.951133	851	0.319624	0.313000	0.318877	
827	0.320435	173	0.433526	1.951133	827	0.320435	0.340000	0.318903	
852	0.316901	148	0.405405	1.951133	852	0.316901	0.330000	0.318916	
831	0.287605	169	0.443787	1.951133	831	0.287605	0.314000	0.318910	
843	0.344009	157	0.292994	1.951133	843	0.344009	0.336000	0.318931	
828	0.317633	172	0.406977	1.951133	828	0.317633	0.333000	0.318948	
838	0.313842	162	0.320988	1.951133	838	0.313842	0.315000	0.318943	
840	0.322619	160	0.481250	1.951133	840	0.322619	0.348000	0.318978	
840	0.325000	160	0.481250	1.951133	840	0.325000	0.350000	0.319015	
829	0.316043	171	0.368421	1.951133	829	0.316043	0.325000	0.319022	
853	0.309496	147	0.387755	1.951133	853	0.309496	0.321000	0.319025	
830	0.289157	170	0.258824	1.951133	830	0.289157	0.284000	0.318983	
844	0.327014	156	0.288462	1.951133	844	0.327014	0.321000	0.318985	
835	0.291018	165	0.303030	1.951133	835	0.291018	0.293000	0.318954	
837	0.333333	163	0.503067	1.951133	837	0.333333	0.361000	0.319004	
826	0.328087	174	0.333333	1.951133	826	0.328087	0.329000	0.319016	
840	0.300000	160	0.337500	1.951133	840	0.300000	0.306000	0.319001	
817	0.305998	183	0.497268	1.951133	817	0.305998	0.341000	0.319027	
857	0.313886	143	0.503497	1.951133	857	0.313886	0.341000	0.319053	
836	0.320574	164	0.384146	1.951133	836	0.320574	0.331000	0.319067	
826	0.353511	174	0.275862	1.951133	826	0.353511	0.340000	0.319092	
821	0.305725	179	0.301676	1.951133	821	0.305725	0.305000	0.319075	
825	0.320000	175	0.291429	1.951133	825	0.320000	0.315000	0.319070	
835	0.312575	165	0.290909	1.951133	835	0.312575	0.309000	0.319058	
822	0.356448	178	0.432584	1.951133	822	0.356448	0.370000	0.319118	
833	0.336134	167	0.502994	1.951133	833	0.336134	0.364000	0.319171	
835	0.323353	165	0.375758	1.951133	835	0.323353	0.332000	0.319186	
835	0.332934	165	0.503030	1.951133	835	0.332934	0.361000	0.319235	
840	0.342857	160	0.156250	1.951133	840	0.342857	0.313000	0.319228	
846	0.308511	154	0.344156	1.951133	846	0.308511	0.314000	0.319222	
830	0.308434	170	0.388235	1.951133	830	0.308434	0.322000	0.319225	
823	0.335358	177	0.327684	1.951133	823	0.335358	0.334000	0.319242	
833	0.332533	167	0.401198	1.951133	833	0.332533	0.344000	0.319271	
841	0.332937	159	0.276730	1.951133	841	0.332937	0.324000	0.319276	
846	0.313239	154	0.292208	1.951133	846	0.313239	0.310000	0.319266	
840	0.298810	160	0.425000	1.951133	840	0.298810	0.319000	0.319265	
840	0.316667	160	0.293750	1.951133	840	0.316667	0.313000	0.319258	
851	0.340776	149	0.463087	1.951133	851	0.340776	0.359000	0.319304	
846	0.326241	154	0.467532	1.951133	846	0.326241	0.348000	0.319337	
830	0.339759	170	0.488235	1.951133	830	0.339759	0.365000	0.319390	
818	0.310513	182	0.263736	1.951133	818	0.310513	0.302000	0.319370	
852	0.301643	148	0.331081	1.951133	852	0.301643	0.306000	0.319354	
824	0.316748	176	0.443182	1.951133	824	0.316748	0.339000	0.319377	
850	0.284706	150	0.393333	1.951133	850	0.284706	0.301000	0.319356	
833	0.319328	167	0.365269	1.951133	833	0.319328	0.327000	0.319365	
822	0.347932	178	0.533708	1.951133	822	0.347932	0.381000	0.319435	
865	0.316763	135	0.288889	1.951133	865	0.316763	0.313000	0.319428	
850	0.296471	150	0.453333	1.951133	850	0.296471	0.320000	0.319429	
843	0.328588	157	0.388535	1.951133	843	0.328588	0.338000	0.319450	
820	0.334146	180	0.411111	1.951133	820	0.334146	0.348000	0.319483	
833	0.330132	167	0.347305	1.951133	833	0.330132	0.333000	0.319498	
856	0.296729	144	0.347222	1.951133	856	0.296729	0.304000	0.319480	
831	0.290012	169	0.485207	1.951133	831	0.290012	0.323000	0.319484	
824	0.303398	176	0.289773	1.951133	824	0.303398	0.301000	0.319463	
837	0.324970	163	0.361963	1.951133	837	0.324970	0.331000	0.319476	
817	0.313341	183	0.344262	1.951133	817	0.313341	0.319000	0.319476	
859	0.337602	141	0.297872	1.951133	859	0.337602	0.332000	0.319490	
820	0.332927	180	0.400000	1.951133	820	0.332927	0.345000	0.319519	
821	0.274056	179	0.463687	1.951133	821	0.274056	0.308000	0.319506	
828	0.321256	172	0.244186	1.951133	828	0.321256	0.308000	0.319493	
821	0.321559	179	0.318436	1.951133	821	0.321559	0.321000	0.319495	
845	0.317160	155	0.503226	1.951133	845	0.317160	0.346000	0.319524	
853	0.286049	147	0.517007	1.951133	853	0.286049	0.320000	0.319525	
843	0.313167	157	0.318471	1.951133	843	0.313167	0.314000	0.319519	
849	0.354535	151	0.251656	1.951133	849	0.354535	0.339000	0.319541	
854	0.297424	146	0.321918	1.951133	854	0.297424	0.301000	0.319520	
821	0.286236	179	0.424581	1.951133	821	0.286236	0.311000	0.319510	
827	0.308343	173	0.421965	1.951133	827	0.308343	0.328000	0.319520	
834	0.327338	166	0.295181	1.951133	834	0.327338	0.322000	0.319523	
846	0.345154	154	0.428571	1.951133	846	0.345154	0.358000	0.319565	
833	0.306122	167	0.353293	1.951133	833	0.306122	0.314000	0.319559	
831	0.315283	169	0.248521	1.951133	831	0.315283	0.304000	0.319542	
857	0.331389	143	0.468531	1.951133	857	0.331389	0.351000	0.319577	
854	0.322014	146	0.493151	1.951133	854	0.322014	0.347000	0.319607	
830	0.339759	170	0.317647	1.951133	830	0.339759	0.336000	0.319626	
846	0.313239	154	0.331169	1.951133	846	0.313239	0.316000	0.319622	
840	0.317857	160	0.312500	1.951133	840	0.317857	0.317000	0.319619	
857	0.343057	143	0.377622	1.951133	857	0.343057	0.348000	0.319650	
818	0.337408	182	0.406593	1.951133	818	0.337408	0.350000	0.319684	
834	0.303357	166	0.367470	1.951133	834	0.303357	0.314000	0.319677	
821	0.275274	179	0.396648	1.951133	821	0.275274	0.297000	0.319652	
820	0.351220	180	0.338889	1.951133	820	0.351220	0.349000	0.319685	
826	0.285714	174	0.264368	1.951133	826	0.285714	0.282000	0.319643	
847	0.311688	153	0.444444	1.951133	847	0.311688	0.332000	0.319657	
849	0.290931	151	0.311258	1.951133	849	0.290931	0.294000	0.319629	
818	0.332518	182	0.401099	1.951133	818	0.332518	0.345000	0.319656	
846	0.313239	154	0.532468	1.951133	846	0.313239	0.347000	0.319686	
848	0.303066	152	0.460526	1.951133	848	0.303066	0.327000	0.319694	
825	0.327273	175	0.360000	1.951133	825	0.327273	0.333000	0.319709	
830	0.312048	170	0.388235	1.951133	830	0.312048	0.325000	0.319715	
823	0.354800	177	0.288136	1.951133	823	0.354800	0.343000	0.319740	
809	0.296663	191	0.382199	1.951133	809	0.296663	0.313000	0.319733	
855	0.332164	145	0.220690	1.951133	855	0.332164	0.316000	0.319729	
837	0.363202	163	0.312883	1.951133	837	0.363202	0.355000	0.319767	
816	0.330882	184	0.331522	1.951133	816	0.330882	0.331000	0.319779	
826	0.300242	174	0.482759	1.951133	826	0.300242	0.332000	0.319792	
829	0.310012	171	0.391813	1.951133	829	0.310012	0.324000	0.319797	
838	0.357995	162	0.518519	1.951133	838	0.357995	0.384000	0.319867	
846	0.386525	154	0.435065	1.951133	846	0.386525	0.394000	0.319947	
831	0.303249	169	0.426036	1.951133	831	0.303249	0.324000	0.319951	
810	0.323457	190	0.478947	1.951133	810	0.323457	0.353000	0.319987	
833	0.352941	167	0.389222	1.951133	833	0.352941	0.359000	0.320029	
838	0.330549	162	0.265432	1.951133	838	0.330549	0.320000	0.320029	
833	0.339736	167	0.431138	1.951133	833	0.339736	0.355000	0.320066	
841	0.309156	159	0.452830	1.951133	841	0.309156	0.332000	0.320079	
836	0.287081	164	0.469512	1.951133	836	0.287081	0.317000	0.320076	
827	0.308343	173	0.335260	1.951133	827	0.308343	0.313000	0.320068	
837	0.322581	163	0.343558	1.951133	837	0.322581	0.326000	0.320075	
821	0.332521	179	0.329609	1.951133	821	0.332521	0.332000	0.320087	
827	0.308343	173	0.497110	1.951133	827	0.308343	0.341000	0.320110	
836	0.337321	164	0.378049	1.951133	836	0.337321	0.344000	0.320135	
826	0.292978	174	0.419540	1.951133	826	0.292978	0.315000	0.320130	
817	0.358629	183	0.387978	1.951133	817	0.358629	0.364000	0.320176	
816	0.337010	184	0.353261	1.951133	816	0.337010	0.340000	0.320198	
839	0.321812	161	0.099379	1.951133	839	0.321812	0.286000	0.320161	
843	0.290629	157	0.337580	1.951133	843	0.290629	0.298000	0.320138	
820	0.314634	180	0.405556	1.951133	820	0.314634	0.331000	0.320149	
809	0.288010	191	0.418848	1.951133	809	0.288010	0.313000	0.320142	
834	0.318945	166	0.367470	1.951133	834	0.318945	0.327000	0.320149	
827	0.334946	173	0.398844	1.951133	827	0.334946	0.346000	0.320176	
818	0.334963	182	0.467033	1.951133	818	0.334963	0.359000	0.320217	
826	0.340194	174	0.385057	1.951133	826	0.340194	0.348000	0.320246	
817	0.342717	183	0.393443	1.951133	817	0.342717	0.352000	0.320280	
826	0.335351	174	0.385057	1.951133	826	0.335351	0.344000	0.320305	
818	0.326406	182	0.357143	1.951133	818	0.326406	0.332000	0.320317	
848	0.338443	152	0.355263	1.951133	848	0.338443	0.341000	0.320339	
843	0.310795	157	0.369427	1.951133	843	0.310795	0.320000	0.320339	
824	0.307039	176	0.289773	1.951133	824	0.307039	0.304000	0.320321	
822	0.330900	178	0.398876	1.951133	822	0.330900	0.343000	0.320345	
825	0.300606	175	0.434286	1.951133	825	0.300606	0.324000	0.320349	
825	0.309091	175	0.394286	1.951133	825	0.309091	0.324000	0.320353	
808	0.345297	192	0.395833	1.951133	808	0.345297	0.355000	0.320389	
832	0.322115	168	0.505952	1.951133	832	0.322115	0.353000	0.320423	
823	0.303767	177	0.406780	1.951133	823	0.303767	0.322000	0.320425	
833	0.332533	167	0.407186	1.951133	833	0.332533	0.345000	0.320450	
816	0.314951	184	0.402174	1.951133	816	0.314951	0.331000	0.320461	
847	0.342385	153	0.444444	1.951133	847	0.342385	0.358000	0.320500	
836	0.294258	164	0.292683	1.951133	836	0.294258	0.294000	0.320473	
849	0.336867	151	0.337748	1.951133	849	0.336867	0.337000	0.320490	
856	0.271028	144	0.541667	1.951133	856	0.271028	0.310000	0.320479	
837	0.324970	163	0.368098	1.951133	837	0.324970	0.332000	0.320491	
844	0.343602	156	0.493590	1.951133	844	0.343602	0.367000	0.320539	
834	0.321343	166	0.385542	1.951133	834	0.321343	0.332000	0.320551	
843	0.295374	157	0.382166	1.951133	843	0.295374	0.309000	0.320539	
831	0.311673	169	0.437870	1.951133	831	0.311673	0.333000	0.320552	
843	0.325030	157	0.363057	1.951133	843	0.325030	0.331000	0.320562	
829	0.330519	171	0.479532	1.951133	829	0.330519	0.356000	0.320599	
844	0.344787	156	0.480769	1.951133	844	0.344787	0.366000	0.320645	
838	0.324582	162	0.500000	1.951133	838	0.324582	0.353000	0.320679	
845	0.323077	155	0.432258	1.951133	845	0.323077	0.340000	0.320698	
834	0.327338	166	0.457831	1.951133	834	0.327338	0.349000	0.320727	
836	0.314593	164	0.481707	1.951133	836	0.314593	0.342000	0.320749	
827	0.334946	173	0.421965	1.951133	827	0.334946	0.350000	0.320779	
843	0.373665	157	0.286624	1.951133	843	0.373665	0.360000	0.320819	
840	0.325000	160	0.475000	1.951133	840	0.325000	0.349000	0.320848	
861	0.329849	139	0.345324	1.951133	861	0.329849	0.332000	0.320859	
854	0.339578	146	0.390411	1.951133	854	0.339578	0.347000	0.320886	
847	0.308146	153	0.392157	1.951133	847	0.308146	0.321000	0.320886	
832	0.335337	168	0.244048	1.951133	832	0.335337	0.320000	0.320885	
835	0.313772	165	0.375758	1.951133	835	0.313772	0.324000	0.320888	
821	0.313033	179	0.396648	1.951133	821	0.313033	0.328000	0.320895	
824	0.358010	176	0.443182	1.951133	824	0.358010	0.373000	0.320948	
802	0.325436	198	0.388889	1.951133	802	0.325436	0.338000	0.320965	
824	0.307039	176	0.460227	1.951133	824	0.307039	0.334000	0.320978	
827	0.362757	173	0.312139	1.951133	827	0.362757	0.354000	0.321012	
841	0.329370	159	0.345912	1.951133	841	0.329370	0.332000	0.321023	
820	0.292683	180	0.450000	1.951133	820	0.292683	0.321000	0.321023	
838	0.324582	162	0.469136	1.951133	838	0.324582	0.348000	0.321050	
825	0.311515	175	0.400000	1.951133	825	0.311515	0.327000	0.321056	
838	0.350835	162	0.314815	1.951133	838	0.350835	0.345000	0.321080	
838	0.301909	162	0.432099	1.951133	838	0.301909	0.323000	0.321082	
828	0.341787	172	0.424419	1.951133	828	0.341787	0.356000	0.321117	
819	0.308913	181	0.370166	1.951133	819	0.308913	0.320000	0.321116	
835	0.268263	165	0.387879	1.951133	835	0.268263	0.288000	0.321083	
823	0.309842	177	0.384181	1.951133	823	0.309842	0.323000	0.321085	
842	0.299287	158	0.398734	1.951133	842	0.299287	0.315000	0.321079	
845	0.358580	155	0.522581	1.951133	845	0.358580	0.384000	0.321141	
825	0.311515	175	0.457143	1.951133	825	0.311515	0.337000	0.321157	
830	0.302410	170	0.405882	1.951133	830	0.302410	0.320000	0.321156	
836	0.328947	164	0.475610	1.951133	836	0.328947	0.353000	0.321188	
846	0.346336	154	0.402597	1.951133	846	0.346336	0.355000	0.321221	
821	0.337393	179	0.502793	1.951133	821	0.337393	0.367000	0.321267	
824	0.316748	176	0.403409	1.951133	824	0.316748	0.332000	0.321277	
835	0.318563	165	0.406061	1.951133	835	0.318563	0.333000	0.321289	
